2500 5525 1045
1022 520 6
1155 2399 20
918 1503 3
311 1653 19
1194 1364 5
2432 459 14
2257 890 12
951 2332 6
1546 1216 17
676 425 3
1687 1617 3
2453 1448 12
1117 331 3
494 1357 4
1125 80 4
420 2010 14
2041 0 18
2394 208 1
2294 401 15
2364 656 1
2392 1859 1
1187 1909 13
2196 395 1
930 2468 2
1902 1796 20
365 2004 12
2495 2272 20
349 310 9
718 1146 10
960 515 6
312 1547 20
1401 2121 15
845 2207 10
611 1826 19
2073 2171 11
705 1142 13
2443 1659 15
2361 1682 3
1956 2410 11
1207 1610 2
46 2439 8
2164 1551 10
87 2026 7
458 321 10
1925 283 8
1626 207 18
1942 739 16
655 1933 12
234 696 2
984 864 12
820 1971 17
587 1771 10
363 1150 20
1781 37 4
2390 705 8
1340 1652 11
2240 18 16
1881 777 12
648 598 10
646 667 1
815 807 19
879 1195 15
1430 409 11
407 849 6
45 2354 1
2489 1631 11
1129 59 1
2148 1257 1
673 2303 11
2038 1492 5
2446 1668 14
1481 1277 18
2334 943 1
1747 1097 9
498 1254 19
219 2235 2
369 1783 6
1071 1011 16
1067 844 17
2120 14 1
2052 2314 1
1471 526 1
2492 1579 20
810 1501 9
1807 280 15
1232 2250 5
1430 453 14
265 542 4
1697 317 8
953 2452 7
548 1762 10
155 913 19
1933 1866 3
1802 1073 17
268 78 14
2415 1688 1
2474 1393 9
2333 1106 9
2318 89 15
2236 1192 11
1086 846 4
934 276 13
1200 508 18
1508 1871 15
1003 1337 19
2127 1140 4
1005 2441 16
1369 2291 9
1001 175 13
1289 1214 13
449 1228 16
213 1660 18
2458 2153 8
919 1964 2
1301 222 7
1277 2421 8
1905 1555 18
1944 1116 1
439 1681 7
1622 1327 1
2350 1394 1
2149 923 8
1020 753 10
362 1020 6
1079 721 3
1 2344 10
412 909 15
1495 2319 10
2136 270 4
468 606 1
1469 1540 4
307 1564 2
23 388 11
1859 2442 13
2008 1410 6
178 1315 16
2457 2453 15
792 2472 3
1879 1185 8
2036 2410 2
1945 834 19
180 2195 19
871 1327 20
1317 1834 4
1380 871 20
515 1381 15
387 1895 10
1333 850 6
2381 2106 11
656 724 19
815 176 4
1432 195 16
1405 2129 1
2252 682 14
2052 300 1
1702 1027 6
194 1953 10
2169 420 11
1558 2158 12
476 88 17
1563 1531 3
2324 747 10
2353 783 16
768 538 3
794 1350 12
1689 1983 1
331 16 16
1125 795 5
886 1168 6
1488 208 16
1690 1084 17
2466 963 19
527 1013 16
851 722 7
1607 1244 11
719 1673 13
977 266 14
2381 1522 10
382 2006 5
1079 1835 19
987 2423 13
1682 2435 13
2157 2387 1
763 2036 11
1799 52 19
1849 821 6
441 525 4
435 2174 15
106 311 16
238 631 7
2167 1896 9
2281 1561 6
311 1675 3
157 1505 8
2177 680 8
717 1493 7
922 800 20
727 1406 6
696 1343 5
1502 695 5
2130 1360 6
1753 478 3
113 533 8
2263 760 8
2173 794 11
361 1473 4
2116 1591 2
1297 1371 5
1912 555 19
1988 2019 3
1915 1006 20
654 1752 20
395 1399 20
1031 1992 10
190 2118 7
2221 378 15
772 2365 13
50 83 16
1369 1122 20
1622 658 6
1944 11 3
1891 1553 18
271 2077 9
1839 1816 19
1907 1198 18
2234 1451 6
897 56 2
1444 1207 18
981 203 7
1080 1940 1
629 909 14
438 680 1
213 753 18
2145 2335 2
1382 2028 8
1402 2446 14
289 474 15
1084 527 8
2310 55 12
389 460 19
980 1489 9
1515 898 14
419 639 14
1451 2479 13
402 1441 18
1482 2419 16
2398 1897 7
90 1166 7
1914 632 19
1130 212 15
1111 1044 18
1848 267 19
1254 497 13
1453 801 5
640 1403 17
1820 1555 19
1208 2385 20
269 285 4
2053 1054 13
8 354 4
2366 2419 9
590 1885 4
1415 1082 11
1936 845 6
492 1147 4
668 1304 12
2414 441 14
185 2032 14
1102 2187 3
1587 327 5
2199 1081 6
1083 1385 20
81 2360 8
473 1358 16
1021 2287 9
644 493 17
1654 1828 5
260 1089 8
940 497 9
2488 2219 1
1548 642 12
1445 2238 14
1957 1890 20
1448 397 11
1021 538 12
2200 1387 10
996 1701 19
706 1600 20
1785 790 15
1430 2315 14
2134 737 18
2079 1336 19
58 548 9
771 2374 11
737 2181 13
2069 539 12
921 989 13
1776 170 6
501 1973 8
129 1762 20
954 507 4
1276 1627 6
2174 888 16
914 769 2
1102 1402 12
457 2252 9
951 1026 4
289 743 11
902 1377 16
123 684 9
2315 1665 9
1235 852 9
223 1493 3
2169 1351 10
956 1117 6
2337 642 7
1017 1019 17
2119 1778 16
1256 391 16
1379 1159 9
2493 1662 19
1002 163 5
86 1318 13
2391 2023 6
621 932 12
1044 1450 2
2378 1871 11
2017 942 18
1644 1911 11
2336 212 7
983 305 14
173 1676 12
1074 253 13
2154 2038 19
621 954 20
822 2195 7
1967 623 13
1855 220 20
1299 365 3
685 1167 4
2151 2215 18
929 2127 15
75 1164 11
341 1677 1
1573 1250 16
1367 1832 6
1029 1249 18
1479 2373 5
142 1307 7
1646 595 11
2040 350 6
778 247 13
1618 1312 19
1118 116 3
342 1860 19
2412 1669 4
1697 1554 20
1560 1749 12
310 1803 18
2059 1927 15
501 2375 2
1202 287 15
1298 1220 20
372 1183 5
2481 1763 7
1664 768 5
553 947 13
1915 1772 1
843 411 15
1441 1730 1
8 2274 15
796 1502 4
1411 195 20
1171 392 1
1066 936 1
2260 1840 3
823 167 15
754 2102 11
2353 783 18
2437 164 2
1559 505 14
758 2489 17
539 620 12
2438 2146 4
1010 1028 16
1244 482 7
2068 1542 4
2414 2306 9
2321 898 18
892 605 8
1434 797 18
1066 1290 11
2404 1099 15
776 2488 15
141 2172 3
167 2283 14
1895 1344 4
2347 2153 10
2045 1671 2
2182 484 1
2014 779 19
986 589 2
2246 2407 9
646 926 7
1272 1532 11
878 736 18
1939 423 7
2087 2092 5
2413 1009 7
1470 226 13
418 1582 11
2062 2375 6
1457 1666 4
1541 2297 5
1317 1328 11
316 297 2
1073 856 3
837 71 8
1047 2224 5
2467 1862 7
339 1221 1
205 688 11
1996 2066 5
178 109 19
1373 2322 1
1072 1130 1
1405 916 4
1254 29 13
1478 1306 2
1959 26 16
755 1522 11
921 2143 2
250 1040 17
680 2187 6
871 417 18
2155 1792 20
173 2139 4
770 586 2
1398 1175 5
2436 2392 14
381 2168 19
2320 1275 5
607 2335 8
729 177 6
2152 1205 9
22 1460 19
771 1929 8
1606 2423 10
228 2296 19
332 5 13
1167 1016 14
148 1914 7
1439 2198 15
866 931 1
505 503 13
951 68 9
1663 482 12
1957 336 7
21 1970 13
908 615 9
2125 2194 18
1266 2482 6
2490 902 19
1851 1268 6
1965 812 19
106 778 13
1721 2010 20
1278 2292 17
2340 47 13
1526 764 2
2477 1256 19
2267 1016 16
1728 1089 3
978 976 3
2001 1963 17
2330 1893 12
2000 1863 7
979 1068 18
559 634 11
337 1736 15
2434 2494 17
2025 1046 15
1616 2180 13
1772 841 8
1972 43 10
2376 1329 15
999 882 2
154 2371 9
1818 752 3
2171 563 11
801 1031 11
623 1807 1
576 2175 8
637 1088 5
1714 2267 9
588 1403 13
2160 1078 6
746 1423 18
1711 284 7
2170 294 7
2109 1871 7
2433 581 20
387 2291 13
708 1458 1
1882 892 5
313 2100 2
968 1633 14
237 1185 9
1938 1075 10
1837 1563 12
1134 513 18
2135 1140 13
1672 987 14
2423 79 14
1496 141 2
1201 377 7
772 1635 19
518 748 3
1427 2341 20
1267 1957 12
894 1090 3
1372 1234 12
2068 1145 20
1734 251 10
945 1680 20
1482 695 6
2126 2210 9
1452 2367 6
1056 1646 1
825 975 1
789 795 13
2455 975 15
828 2196 16
1509 486 13
832 496 19
335 2355 11
1121 27 7
1827 1595 8
1332 1826 8
18 153 7
2055 1460 13
1103 1278 3
139 2186 3
1591 1863 15
1899 2366 6
1468 1791 1
205 77 16
1644 555 15
130 1484 11
1889 423 6
1678 1828 6
166 2283 4
2473 1280 17
1401 378 10
1390 1816 17
2034 1806 3
2096 826 3
2417 2040 16
1860 595 13
153 234 1
396 904 20
2395 384 15
1613 1085 13
1087 519 1
875 1952 1
38 1669 2
1043 950 4
1194 1110 6
2421 434 7
704 881 10
1076 783 5
121 1486 7
896 1688 8
1958 51 14
1157 625 4
903 2090 15
1409 626 19
2327 839 4
962 2311 4
850 378 1
2467 1578 3
560 2316 14
513 1054 14
686 2148 7
1194 218 13
1812 2470 4
911 1529 14
1313 1148 16
555 2326 18
2455 2033 10
2179 2144 16
1195 2162 6
1521 2394 19
2368 929 16
820 266 16
20 1339 10
2083 74 9
1651 2168 20
2109 1287 17
941 1671 6
490 950 13
159 1573 14
1103 485 6
1076 1761 10
1741 937 19
1973 1905 6
1841 1999 15
1886 2469 5
1730 2195 16
1860 225 2
425 1080 17
1049 1959 13
943 720 19
647 1806 7
2022 1158 14
918 745 5
2151 2356 15
514 1580 8
1588 560 3
432 212 9
2424 2094 8
2062 2401 13
2002 1359 14
1477 1960 13
1325 2235 4
2105 634 9
1219 679 6
1004 273 20
2106 2130 20
1305 1145 13
1202 2484 13
236 1596 19
2066 1475 16
1357 10 13
1051 44 1
2420 370 15
1508 2222 20
1260 1716 18
329 620 12
810 2258 12
612 1137 6
68 2044 18
79 20 20
445 921 2
919 2288 20
2039 542 16
105 1662 14
1191 1574 17
1159 1947 3
1014 663 18
1318 1008 15
2498 969 17
1846 344 18
487 397 3
1545 2175 10
92 1437 19
892 788 11
2270 1941 2
1894 546 3
1583 308 12
1737 2341 6
233 1891 16
722 1026 16
945 269 6
1574 264 10
1842 72 18
1189 2251 17
645 2322 1
1627 2273 19
1240 15 17
944 885 10
2458 2061 8
221 2382 2
1549 1668 11
583 711 2
2015 1999 20
371 1703 10
364 94 14
2412 1918 3
1319 1046 10
630 2088 12
7 2071 8
2162 563 16
1754 1693 14
1589 2351 14
1534 60 14
2190 595 20
1207 976 17
2432 2453 18
2072 848 12
979 2262 7
873 1875 10
792 475 14
899 376 16
1157 2067 11
1901 2484 2
1180 136 17
260 285 1
2451 576 16
2472 1082 10
935 349 19
1442 533 1
1098 964 8
1874 1711 20
849 615 9
763 479 14
1454 2195 14
1384 1111 11
2070 945 2
2072 466 17
451 224 6
362 785 15
2389 557 16
1530 782 10
1663 728 7
1008 1836 5
2339 700 17
1817 2355 9
517 371 1
409 2445 5
1981 914 16
1485 689 19
137 185 15
1963 1901 16
1094 1166 9
982 1196 4
245 297 17
1033 1383 8
1372 121 16
448 1956 17
1852 2080 4
375 883 14
2042 1994 19
841 2078 17
1568 2238 2
344 1753 16
1691 852 3
998 891 19
319 510 16
2372 99 6
679 2221 8
341 1058 9
575 2141 17
1759 1929 6
614 1252 13
535 2480 16
2235 2078 9
2120 1315 6
2307 1196 18
27 2413 14
295 751 17
1516 327 6
1858 347 7
2133 1081 16
1020 810 3
891 480 19
2041 2207 13
210 289 19
2205 1431 16
658 761 5
2439 396 17
869 999 20
547 541 6
2320 1294 5
952 2484 15
1305 702 18
2031 1950 19
412 2352 5
1076 690 15
1894 192 2
1189 1529 14
483 2418 19
220 414 20
1186 1869 7
1365 366 15
145 1577 10
1961 359 18
2464 818 6
578 1257 5
1942 89 12
1593 944 2
1075 338 12
585 2429 19
541 424 2
1156 2401 1
2152 1618 19
1900 1239 9
960 293 15
92 122 7
167 1943 4
2104 1591 15
2355 1696 7
436 1073 20
1259 2449 13
2404 655 20
776 961 13
262 1571 19
197 1259 18
1677 2064 13
1497 1051 13
789 394 6
1765 1329 13
1773 1594 10
600 1470 8
741 1620 17
390 1012 15
1780 493 15
223 1060 19
1660 738 16
874 225 8
2397 1861 19
1513 1996 15
19 1937 16
1265 6 10
2009 2420 12
1492 2198 12
578 686 2
277 794 8
2451 2030 9
1696 2308 14
1969 235 7
1064 1503 11
1374 2120 14
2016 282 9
87 1418 17
1482 682 19
953 1242 18
2107 2472 6
846 158 13
1849 959 7
209 2028 1
1674 820 7
1241 870 19
2438 1301 20
430 242 16
658 1990 14
1610 1894 7
896 538 7
2112 718 10
1587 855 2
1681 81 4
1396 2293 8
302 98 1
751 1571 9
309 653 12
147 2363 3
1754 2086 15
1326 1548 6
2097 1800 8
1477 2359 8
2410 2105 2
339 2431 15
1461 2329 17
942 1835 5
1546 1054 13
636 565 17
674 31 15
1792 376 20
72 985 4
370 1938 4
2321 2236 20
1042 353 19
105 508 4
967 140 20
739 1877 4
2055 837 18
1686 461 2
2009 1321 12
1428 1110 10
1380 1059 19
2081 1987 3
1490 759 14
691 1474 17
1205 1116 19
195 758 13
112 1106 7
2169 1636 18
446 1952 10
2223 1381 20
336 345 7
890 2201 17
191 1632 11
105 527 15
1805 1797 9
1502 2299 5
963 30 1
1234 1533 15
1180 379 17
877 280 1
2161 1090 18
172 1025 14
1857 1388 7
1327 2270 15
656 431 9
1647 1219 8
2476 257 9
1017 1106 3
1715 2467 12
284 36 5
649 67 14
1588 1170 18
1833 1730 16
677 960 15
1606 280 6
1662 1433 18
514 1646 5
922 2402 15
626 2154 15
1173 484 2
1848 866 16
1853 499 13
2319 859 19
470 1923 16
2082 2318 10
701 92 11
1037 754 5
1557 1643 11
707 757 13
1860 490 14
1134 2053 5
1311 2206 3
1617 1005 6
2118 985 2
1126 2392 5
1255 1735 7
1945 174 16
453 1229 17
24 512 1
2456 216 15
2080 1348 13
7 1657 18
2498 770 8
936 2347 8
1941 1594 9
1283 1934 17
1392 2280 10
997 1891 4
1181 2090 20
625 2065 15
80 2364 6
2057 2242 9
1569 173 14
1731 1427 8
17 1753 8
34 1093 2
2 763 11
1103 1263 20
1589 856 5
2433 1037 8
949 2170 5
691 1302 15
575 1605 12
791 1511 15
1028 577 3
560 575 4
1292 2420 6
203 1466 9
1379 1903 6
1885 941 5
705 362 12
2192 1496 15
1089 1643 5
809 1630 17
2469 1397 7
1233 2324 5
205 542 9
596 1745 7
1795 416 1
108 961 16
603 584 1
2117 500 9
2158 2493 13
2018 467 13
506 1553 15
253 986 15
1861 1614 17
2103 1945 10
1510 1858 12
2107 1347 2
972 366 15
2307 912 9
101 74 17
246 444 10
290 1157 10
947 1203 4
1797 1735 9
2097 1741 18
274 2397 16
215 534 13
905 1163 9
367 1888 10
572 123 7
1105 751 17
466 721 19
2474 699 2
2219 1108 7
1878 149 14
1458 249 5
100 2217 9
1763 2112 18
2466 1927 17
2076 1804 13
2230 1472 6
1961 927 9
356 2191 1
386 1394 1
367 343 14
273 540 4
275 2254 13
21 1427 17
343 1338 4
2417 666 20
2142 246 7
1464 1189 16
972 1770 6
2199 1222 14
2092 2487 2
1930 499 15
1733 1490 9
1191 1527 15
550 1771 19
1806 316 17
582 544 7
2216 1936 18
31 1948 16
1138 461 11
729 1322 4
2249 1593 6
2219 47 12
230 821 16
784 2232 8
2137 1211 18
1458 279 16
1535 826 14
2098 1056 17
1343 707 16
1605 52 8
2438 478 6
2158 110 8
2326 1465 1
1318 638 6
340 174 13
1843 1635 2
2394 391 17
691 2288 11
424 821 8
2242 927 10
300 712 16
1152 1334 15
722 1732 17
1783 135 9
564 138 11
1472 1839 10
939 1515 15
2096 170 2
110 1123 3
555 1969 16
920 692 10
1753 1495 9
532 1924 8
1868 1901 9
468 308 1
1011 2365 14
1654 1362 17
1487 2349 10
300 1332 12
851 2263 1
507 861 1
809 1518 14
1749 1354 4
1503 2473 8
1193 278 18
1508 567 14
421 1847 6
1832 1709 16
146 82 14
1068 395 9
224 717 7
1540 566 15
884 2136 2
39 1112 1
1307 1211 13
631 1221 5
1854 348 7
1117 1295 11
1122 1344 3
1625 952 7
319 1042 9
1494 1306 16
1185 899 12
2137 142 20
1576 2015 4
779 1261 12
1066 2082 20
2230 413 3
489 2401 4
1170 2243 18
2454 1532 14
2218 990 14
70 683 5
2167 2050 7
1864 1013 19
1735 1829 3
1647 886 3
1270 1388 1
1201 790 16
1577 1638 1
2157 2140 1
1772 585 7
159 694 3
868 1151 15
617 399 4
1102 1949 20
732 869 7
857 2308 4
1366 1383 7
2478 1140 5
1071 2373 20
1199 836 15
1613 1815 14
1318 2361 12
1133 2123 14
1263 2383 20
192 1138 16
2478 1071 3
1831 405 2
596 1060 20
727 1267 17
1564 2084 6
668 1152 5
991 1001 2
1703 2311 9
1674 1502 4
1858 1003 10
912 555 5
855 1516 4
1806 2310 9
811 283 6
837 727 19
1305 699 20
1541 2489 2
2177 1440 9
2089 1708 13
759 1366 4
1038 1902 4
36 185 15
797 2125 13
1795 1604 6
661 1394 11
209 670 16
1784 1036 19
213 810 7
1554 570 13
1326 2337 6
1214 2212 16
2323 27 5
117 1365 18
157 231 2
2477 2269 10
709 2083 13
229 733 3
1229 599 2
1243 2416 10
1371 156 16
850 3 19
2239 2406 12
297 293 6
1535 1364 1
939 1907 18
2173 58 6
469 2240 13
1918 1419 8
283 768 15
1993 1624 17
790 2093 17
2219 1424 19
1416 565 14
584 1729 1
2027 720 8
1019 1550 13
933 1315 7
503 1804 17
344 1569 14
1746 723 1
2 1455 14
2198 119 15
1220 610 10
585 56 2
2038 1414 2
2463 1046 17
1144 924 5
1238 447 19
2193 683 11
2137 1079 8
825 1861 9
1512 1304 14
2487 1705 2
762 258 18
2141 761 4
1940 535 9
2248 254 13
1840 355 5
323 2456 12
1713 1332 7
1239 2452 1
851 1119 4
430 992 3
853 1057 7
1979 568 17
1783 2373 10
1097 2102 17
2073 239 17
1772 2286 12
1335 63 13
1248 472 4
76 239 4
1558 1246 18
66 1104 18
203 1035 2
1462 661 10
1829 1410 4
2082 2458 13
1841 1300 15
489 2036 3
2321 824 16
1507 1207 19
166 2310 13
108 1909 9
729 1443 13
531 461 14
258 163 19
2400 2376 11
878 816 5
2348 1798 12
1860 836 19
307 1825 4
636 2402 13
740 1801 8
1283 251 8
451 502 3
1014 1336 12
1650 75 2
61 2131 18
1419 1190 2
1786 1000 10
825 2095 19
0 1998 2
1287 758 7
1476 2023 9
602 294 6
1603 1927 19
1112 2108 7
1551 803 17
2089 1317 3
840 1942 9
2104 1775 20
584 568 1
68 2439 18
1265 413 5
2179 370 13
1859 1944 9
184 1231 1
571 11 15
1591 1417 12
443 1114 8
2429 2151 13
2241 1822 18
468 505 6
789 198 14
1541 1655 12
832 1243 7
1865 1149 2
2237 140 18
978 2039 15
1576 620 6
421 425 19
1041 291 1
1403 1820 17
982 435 13
641 280 13
1366 238 8
1335 305 17
697 1049 8
676 333 11
657 2322 6
2074 454 16
41 2459 18
2256 2424 19
901 1853 15
1347 1885 11
55 1421 8
1608 614 19
1424 648 11
657 253 16
75 1676 19
1473 2205 1
1286 418 19
1806 1693 1
1594 1550 19
796 876 20
1496 1481 5
1192 2210 4
1495 1060 6
66 330 13
1362 2416 12
2039 840 3
383 1743 18
857 2355 18
1236 1277 9
2279 357 7
238 1490 17
1571 120 8
17 1074 5
2327 715 20
599 1817 14
1565 1687 12
1625 515 6
2471 1997 19
1270 1589 7
1526 977 10
2388 903 3
115 2454 8
2355 104 6
719 1090 1
432 386 17
1856 1523 7
1737 427 18
1787 1168 15
156 70 15
1537 2378 18
1168 2177 20
729 1648 20
2076 1184 18
85 1099 15
1751 965 12
1584 216 10
1187 1288 1
1413 332 9
708 1582 7
1378 1918 4
557 643 9
243 1905 18
110 1864 3
2173 2160 17
2098 247 6
615 2390 7
1879 45 2
1 2477 8
118 1896 20
649 2038 14
1090 879 14
561 483 3
703 2033 1
2255 1870 13
1683 549 6
1456 205 14
661 1668 6
1560 1025 10
1895 504 14
1914 469 20
1997 346 13
2368 1635 10
1678 257 18
1501 1970 2
1418 2483 4
2359 2091 13
1343 1102 7
1719 2218 15
1539 2003 13
23 872 14
1126 2294 14
601 2185 1
134 1982 11
1100 2264 6
589 571 7
1284 1380 6
209 1491 1
2289 470 11
621 847 11
1919 993 15
162 1357 11
79 913 14
1247 920 16
1612 1710 20
1653 2034 2
1338 1618 15
2497 918 15
2099 592 4
97 692 4
1214 2374 17
1825 173 10
2213 935 20
1195 1345 12
2095 1850 20
898 1670 18
409 1765 2
1969 714 5
412 1813 4
1932 1065 14
220 1706 5
126 537 8
1086 915 18
1568 1664 3
364 25 19
983 1824 6
1259 650 12
1699 2324 2
663 1562 12
330 1684 15
2185 521 11
911 2178 9
45 2039 6
836 867 10
1356 2138 1
1488 2013 19
422 334 1
2330 1758 12
2316 339 8
69 129 7
2475 1953 12
2091 27 16
962 2345 2
1940 1245 19
177 1169 12
1059 2319 6
2088 2378 8
693 883 3
99 2013 2
726 1040 4
1038 1586 10
165 2480 16
2297 1197 4
1332 2147 1
1054 1272 3
591 351 18
1202 109 8
1077 891 18
2403 2073 4
866 1457 5
1260 1269 14
286 124 7
2471 59 13
2371 15 11
1715 2415 4
748 657 5
2301 540 20
369 1545 12
1634 1282 13
551 1473 13
2066 1586 5
1031 2416 9
1850 1322 15
720 597 13
1295 1852 12
1341 750 4
2341 616 2
2201 855 7
2000 2104 7
2251 119 5
1118 751 2
253 2218 1
2189 232 10
2148 1134 8
984 28 1
2072 2395 8
1582 249 10
2218 1 9
2098 514 19
2124 1091 18
1048 2278 9
293 1868 1
2344 671 8
533 1818 15
2305 625 15
2318 2061 5
630 1632 3
500 2379 9
2100 1168 2
1450 1384 12
1776 1900 17
1799 1124 2
2466 2002 8
261 124 16
2202 105 17
1823 2476 20
858 2158 1
1893 1593 14
517 597 1
447 362 9
1132 62 20
80 1370 11
1840 1158 7
483 2270 10
1501 1660 2
340 1212 7
1192 1393 19
2388 405 20
1426 924 12
839 2234 5
2185 1949 3
1802 1585 3
2231 1879 15
1848 1628 6
1374 543 13
2005 695 15
2290 1675 17
755 2447 20
868 586 3
1504 989 20
2234 253 10
1552 612 16
1771 519 14
2024 665 20
54 1224 18
2462 25 14
413 1063 5
788 1467 2
1524 748 3
433 2422 6
1360 491 18
1986 2423 5
493 1135 5
373 1293 8
2284 1701 6
1664 465 1
924 581 19
2008 2069 7
45 1258 2
581 750 3
1671 2320 10
1564 46 10
285 1962 12
2141 1990 7
1311 604 2
488 969 12
240 1576 11
973 2071 18
352 1600 7
73 241 6
281 480 20
1037 1213 4
1209 36 11
1707 1928 15
1279 2020 16
1029 1392 15
2051 1524 12
470 2405 2
287 1901 7
1558 1911 5
1738 1304 13
1065 2437 16
463 1838 4
1802 1217 3
1645 2122 1
1180 782 9
2208 2228 16
1789 576 19
151 2221 17
1514 842 10
712 1112 15
381 802 15
2300 1787 15
2167 1919 12
243 33 14
495 2248 6
1291 1552 7
1727 1540 7
1976 1980 13
980 1777 6
1565 2419 18
1987 3 9
122 981 9
2075 229 18
915 1718 20
2326 343 5
104 2442 2
1633 698 3
125 1785 12
212 1911 10
406 2497 16
41 1658 7
2070 1127 20
834 592 18
969 43 13
834 168 18
1708 1006 15
765 1910 6
1302 2021 2
577 1392 1
169 1325 1
1384 167 2
2316 1476 7
1719 282 19
757 38 20
934 153 20
553 2075 11
2011 1536 4
767 325 3
795 1516 19
379 1015 8
2357 2118 9
23 1832 10
2198 2154 6
1058 1759 1
1955 2154 12
2246 734 8
1221 186 11
452 2017 5
2187 222 6
1531 2244 10
1746 479 12
386 2374 19
476 933 4
1444 1499 10
145 904 7
156 1205 17
1056 631 2
2128 1005 3
259 1652 8
407 111 12
2249 2393 17
687 702 12
488 770 2
1670 2399 19
1251 2052 3
1440 1116 5
2374 705 20
1689 2207 11
1135 2306 15
1356 846 9
994 2048 3
1997 2216 17
197 1737 16
802 200 12
1431 322 10
1639 2152 20
212 1550 1
639 566 14
564 2206 16
2129 2110 3
1804 723 20
1984 1338 17
1190 618 15
153 1089 9
386 2336 7
453 1665 1
899 966 12
90 458 7
537 2077 6
149 1728 17
956 1291 13
1445 1024 12
1139 1666 6
1765 263 5
1486 186 2
395 1213 17
745 117 14
2479 269 5
635 747 13
970 2094 3
1623 1460 13
851 1679 8
2010 1836 19
831 1463 5
2482 1981 11
507 1595 11
320 1411 7
1447 2285 4
230 959 8
539 1702 18
192 239 8
1331 685 3
1852 1223 2
2232 1333 14
1345 76 7
1980 1098 4
1670 1012 20
1275 2330 3
2005 422 2
302 2422 10
2258 502 1
1934 1747 1
1972 710 20
1119 132 3
302 170 6
101 305 11
721 767 13
1164 1929 5
896 353 8
781 1775 19
245 1231 6
732 2145 9
1443 1095 3
290 2047 18
1939 2180 6
467 828 17
1643 568 15
1145 773 16
1857 774 6
830 2067 4
2418 33 15
1110 1078 18
1182 906 10
820 2496 14
385 435 18
228 1036 14
4 191 12
1517 2200 15
1984 2140 11
2370 1531 7
677 266 19
2260 166 19
2237 2321 18
295 333 12
2358 1272 20
1258 2440 14
2043 1760 13
936 2458 8
1092 847 20
715 1723 10
592 2491 20
272 2197 19
2359 73 10
2126 1740 13
1534 494 16
2476 2461 18
136 1530 7
2067 392 1
2275 69 8
291 1044 15
142 1160 16
1562 1027 20
833 1134 18
613 1062 16
1470 15 15
1463 86 15
354 490 15
714 573 6
2058 725 3
213 1632 4
1529 833 17
1494 2117 5
1126 2219 3
135 1006 1
932 507 16
235 18 6
2136 2483 11
1227 2116 6
2199 2250 11
411 38 2
548 2160 8
1044 1142 13
928 2090 12
2351 415 8
1913 1522 5
631 1459 15
1093 1129 18
2155 149 3
647 2054 12
471 742 17
484 572 9
113 338 19
51 1302 9
207 2433 8
1028 1886 13
235 926 8
1218 1741 15
495 1621 9
905 1972 10
194 1833 17
1713 259 17
2165 1054 6
2253 901 13
1797 582 14
474 1509 15
2173 100 20
220 649 6
1910 725 6
1018 1297 12
1055 1198 11
1141 1668 8
49 1012 11
815 656 8
967 890 11
333 421 17
233 1831 10
1260 1041 19
1894 1981 14
2392 1810 14
231 1779 8
1975 289 5
427 380 12
1561 1787 14
1269 291 11
316 1963 11
2107 2072 15
1796 193 20
603 1214 7
1179 1677 5
272 692 2
473 588 12
1049 1083 18
1463 178 16
1723 2227 11
1541 1346 17
879 2346 13
2474 1707 3
547 1032 7
260 945 15
2368 2092 6
2424 920 14
1674 271 4
1742 1931 6
1490 1510 5
2236 497 15
725 1318 2
2405 1919 6
946 78 10
2163 1935 7
1327 632 18
2220 1691 13
1299 2245 18
2313 437 12
392 1729 14
406 1642 6
1506 1383 1
458 481 10
1407 1924 16
2138 1855 2
1995 1626 16
2447 740 12
558 266 19
1184 723 11
893 458 8
1147 1947 2
505 2239 9
1626 2435 13
2264 874 7
2212 1321 17
2337 387 1
1707 1209 6
2023 2363 18
791 1971 11
2476 1837 11
1907 2468 14
757 2295 2
629 691 2
1349 2367 7
1514 296 8
1940 716 14
2396 1565 1
1086 2130 13
2053 2296 11
2387 1984 15
2288 1230 4
1515 1423 1
1119 730 6
30 1352 10
1120 947 14
2243 2157 15
1112 1449 15
373 1468 3
75 1825 4
669 2102 20
1438 1175 1
389 880 1
1754 1760 2
1380 684 14
1152 189 10
877 2482 3
2443 2333 19
1748 1455 6
1045 700 8
760 398 5
1882 922 5
1781 2134 17
2430 940 1
1501 2266 1
1135 335 8
2384 1108 19
1725 1957 8
1814 2193 6
1558 299 18
2434 437 9
411 1999 10
1043 1692 5
443 2498 1
344 762 1
2338 351 3
866 244 19
1924 1527 7
675 243 12
2172 1882 16
658 1139 19
1324 2242 16
910 84 3
1170 147 4
141 892 1
223 1268 13
450 1351 12
848 907 5
82 1602 15
377 316 6
337 1015 4
199 1711 8
2350 229 13
323 315 17
1843 958 8
1751 1302 13
817 1855 8
1238 1335 15
107 2047 3
1895 917 4
35 2388 18
1021 633 13
119 1771 11
1211 60 10
1913 2365 2
227 53 9
1527 1656 11
2029 583 5
2377 1181 11
734 156 12
104 2287 7
2207 34 16
1976 416 14
2379 1478 18
2389 627 12
1109 13 19
410 455 13
1573 1226 5
614 57 4
1187 2421 15
1615 2453 16
1376 2070 13
173 1206 14
30 195 17
1172 2438 20
2200 309 17
1851 2247 10
1618 96 4
1320 347 8
1939 2457 9
1799 393 9
1463 753 4
1220 1875 19
2344 2457 11
761 1316 13
1255 874 13
1628 1457 18
564 1659 6
1316 2190 5
1177 2253 19
1655 840 19
139 857 11
856 510 10
976 2153 12
1683 2327 9
274 750 1
1038 112 6
896 456 6
1028 1042 11
962 783 3
1731 502 9
877 185 16
2048 524 4
1303 2262 17
569 1091 20
1930 1395 18
2494 1500 7
2468 939 13
285 264 20
1131 63 2
1643 281 4
2211 3 13
798 1491 4
1164 818 13
823 2229 17
2459 1085 1
2112 1864 9
1559 2435 2
1690 1930 6
1109 2213 15
198 511 19
504 1758 2
1502 2319 5
425 1747 11
1136 530 20
538 1568 16
476 608 11
265 840 19
242 1509 14
2318 1625 19
1630 1789 12
1491 814 10
2260 1598 10
1313 1320 4
2070 304 3
444 2372 4
1117 2309 10
657 876 1
2247 1265 15
1229 385 15
132 996 18
522 206 13
672 1369 20
2448 1929 6
2085 2119 10
2463 643 7
1237 2146 9
781 114 12
2266 21 17
859 1312 9
1253 1906 4
1887 662 4
1404 1039 9
268 1193 10
209 2303 17
1256 378 15
1830 1846 18
1087 2007 20
521 2304 7
164 1419 4
479 26 4
2362 618 17
2227 2125 7
1574 1772 14
2495 1307 18
2354 542 1
2348 1905 7
2482 72 4
651 2444 8
600 2371 8
1483 1446 17
516 716 12
1644 299 20
2184 1847 1
665 1742 16
1774 198 2
216 244 2
704 1037 9
1466 2312 15
498 1632 15
631 247 10
104 24 5
2336 208 19
345 837 8
2200 707 6
559 2410 16
776 44 13
567 1226 2
1680 2155 1
1133 709 11
1557 1077 17
1087 2077 18
451 1070 11
1627 1212 3
508 2357 1
132 722 9
657 911 9
2109 1537 10
998 1337 18
1457 481 2
2264 1523 11
275 1218 9
521 723 7
652 1623 13
2004 1887 19
565 922 1
2419 2005 5
2260 1264 7
799 85 12
2448 131 17
384 848 9
2107 120 7
1059 587 7
916 154 14
600 916 16
938 1204 11
1865 420 5
2425 1143 12
1238 785 16
186 2431 15
2370 995 18
2450 2051 18
111 2405 3
1354 1087 19
1530 1745 16
2252 1899 10
2182 904 2
1973 2062 9
2147 1487 11
1873 1617 8
1954 1388 14
644 534 13
701 1388 14
1428 523 12
87 879 12
479 1184 7
2172 1481 4
352 1230 11
415 2273 12
2248 1259 7
1793 2403 14
1052 1164 6
1736 746 1
759 1685 4
1073 713 2
422 2075 10
813 1469 15
1704 1248 6
2175 1328 18
755 1471 10
2240 1411 15
2124 1683 14
719 2225 10
1570 802 10
2265 2102 11
1150 1406 13
1982 2391 18
1302 1695 8
134 2316 1
630 4 14
2460 211 8
1626 2361 9
2023 134 15
1592 830 12
1968 2035 2
1608 2400 6
190 989 11
1792 647 4
1962 2335 18
2251 765 5
1281 2363 16
665 707 6
828 1674 17
1621 616 1
1682 2406 9
332 42 15
2060 887 15
2109 1514 11
2483 163 4
1776 638 20
1373 1785 13
1203 1176 11
316 1231 9
103 2250 19
2421 2270 16
641 502 3
19 1865 15
2339 1947 10
551 931 15
582 915 19
2331 2012 15
2295 1343 4
665 1788 15
737 384 15
2495 2350 3
899 1033 5
1132 2014 19
1853 305 10
2106 1856 4
784 1808 7
1519 1107 14
1637 2054 16
897 598 13
2340 1032 2
2070 2305 6
1807 360 13
1700 1732 4
659 657 14
2420 854 14
1609 578 5
969 505 14
665 1984 6
1654 1823 13
528 1339 18
2209 55 16
2039 1845 18
60 848 17
1266 1036 15
2203 530 14
2297 1484 2
1760 1106 16
2310 1111 6
675 2111 13
1649 2225 5
2233 292 15
2331 1404 11
1878 442 7
2274 777 7
2248 756 18
888 984 4
1149 2129 16
2299 228 10
2068 2312 15
864 2181 9
1156 2375 4
2204 2020 20
1020 360 12
1549 1002 13
277 778 19
1497 2103 2
545 2244 9
1148 532 16
811 1966 14
1431 375 18
1284 149 8
1385 697 6
378 1154 7
1522 2264 1
739 265 1
1389 2453 2
796 17 11
1922 671 15
1502 783 13
1401 374 11
822 115 15
985 959 6
862 27 8
1220 708 8
1910 418 18
1115 671 15
2307 1042 4
1389 1039 7
1291 2309 8
1245 1510 13
1750 1731 4
1153 2362 4
1916 158 16
409 1315 11
1987 1397 12
594 1094 15
1498 764 20
1892 1361 10
806 590 4
448 1365 8
340 834 18
2300 816 12
5 1800 18
594 1633 4
168 1578 8
951 1237 17
518 1631 17
1934 881 8
1312 1480 7
1935 925 6
1349 1543 18
1602 276 13
1428 328 1
17 1569 14
955 564 9
259 1829 1
570 2114 8
1348 1599 3
402 1169 13
468 1804 6
710 2487 8
785 1091 11
2416 1844 2
1967 1848 14
709 2254 7
590 194 19
1262 642 6
2302 613 8
1814 341 20
32 1037 4
448 320 15
2187 1052 12
660 275 12
2072 1079 6
1889 897 14
1288 1661 7
756 1705 11
101 1158 20
587 1434 14
1908 144 2
1325 1070 6
1156 1423 12
87 742 12
1340 1525 15
1553 217 17
322 133 1
281 2208 1
1544 1928 9
1264 368 15
703 408 15
780 2240 8
1638 390 16
1672 385 20
2216 1446 9
1843 1300 3
715 1341 19
1193 1507 12
1022 746 12
1546 2279 8
2133 2250 18
2202 2357 12
335 838 16
1748 1096 8
730 2284 5
893 968 15
526 1644 20
1897 9 19
1620 1881 20
320 1631 3
1411 2489 11
1153 1698 8
2054 1693 11
1649 448 1
1095 1183 8
69 449 8
1399 1454 12
1282 1601 9
250 2237 2
563 239 9
1665 205 7
698 2163 15
1439 184 2
1745 1299 17
1453 355 4
645 1819 10
2064 1002 3
517 2027 4
1028 2138 8
1215 869 15
744 546 4
1667 193 2
1487 968 18
14 178 10
1364 1342 14
711 1159 11
1381 236 13
9 609 16
2359 124 6
326 976 1
996 2465 1
325 437 20
1074 876 2
1846 1301 9
499 1335 19
1846 478 8
702 1035 12
113 885 18
1462 733 10
342 1134 6
583 1018 9
2265 70 2
2382 403 3
956 1226 10
1697 1415 18
1488 2372 6
202 1904 18
301 2405 20
2211 374 12
510 1266 14
672 1755 4
617 126 9
1519 1873 6
688 1650 16
1262 294 15
1209 2298 17
2087 1705 1
317 1082 6
1330 1230 1
911 2299 11
221 2060 15
618 1163 9
1875 1809 13
2471 832 14
1439 1902 10
804 1072 10
2391 1064 3
1623 1519 15
531 1948 4
1659 2368 3
2031 133 10
816 1188 3
381 241 11
1205 1872 16
886 1018 7
1653 1517 6
504 2209 1
874 1782 10
1379 1104 8
396 390 9
895 2277 20
1236 1496 9
2133 1943 2
2111 2261 8
1842 972 18
1189 453 6
1795 1367 10
1304 2267 3
2110 450 12
129 1110 20
486 506 12
403 1845 4
131 1759 10
1482 1231 10
2393 1543 15
895 85 13
1401 1045 6
2424 1311 1
873 740 3
350 686 20
1462 1549 15
1502 587 14
1146 2012 17
914 1994 17
943 1954 4
745 1249 12
114 1708 5
1295 1308 6
161 2268 1
2131 1278 10
582 1916 10
556 1909 14
162 953 17
1921 957 2
587 228 4
1213 2417 10
1380 457 7
1935 2329 19
624 1208 19
1038 1887 12
2442 771 1
111 1225 5
1518 2087 1
163 2499 3
2277 462 13
446 2414 14
1004 1783 6
1739 2009 13
1206 589 15
2138 1538 10
2084 2294 15
2190 108 20
1908 1092 12
215 875 12
635 1699 10
2138 414 15
1722 1233 20
1807 1436 9
2115 2140 18
1985 887 6
206 797 14
1013 1662 19
443 577 19
873 708 17
1072 1273 8
1141 1710 16
1308 242 17
2348 1053 15
861 181 13
1371 1116 18
1216 2079 15
1408 368 13
1016 1642 4
963 2179 10
603 985 1
2229 1133 6
21 2051 18
218 1342 9
269 281 8
328 2275 20
1454 1768 12
1955 133 11
1790 433 6
1611 1850 1
1641 1957 5
365 1613 16
2284 774 5
580 259 8
473 1966 11
2445 2315 4
1139 893 6
2064 1285 1
1974 446 11
232 1673 1
1717 596 16
1124 882 19
2394 2246 13
261 711 15
1146 227 5
703 361 11
1250 1178 5
1926 179 8
2152 2218 5
284 1059 1
1761 2032 15
1473 975 2
775 2078 2
1857 2224 10
558 1290 6
2460 1181 19
673 1229 20
1251 1407 9
2267 406 3
1131 2369 12
1789 1140 6
350 552 1
2470 1505 15
1701 258 10
2289 1536 9
952 109 20
1794 689 19
1178 1952 18
257 1083 17
2492 310 2
208 1130 17
641 2423 17
937 1127 20
298 588 1
973 1933 16
1255 1410 2
2127 91 12
1434 2296 4
715 579 2
959 1295 7
244 321 8
1402 2295 17
1931 2431 12
447 1142 8
95 1533 2
251 424 7
674 578 4
1351 957 3
898 298 15
1528 1421 3
214 2120 3
1494 252 11
1419 1163 16
1529 1757 4
1123 752 19
2192 1044 6
2460 1652 2
1813 439 15
2142 2446 1
1634 722 6
1811 977 20
776 939 4
703 975 1
1209 1393 4
613 314 11
1884 1039 18
769 1686 4
1141 2142 7
850 2359 17
2325 1475 4
1717 2230 9
1542 2271 13
1225 1263 16
532 263 8
1688 811 8
1779 1186 10
204 981 2
158 2433 11
1824 2413 10
2427 426 19
1954 908 13
1280 517 4
2026 2483 11
2391 274 15
2431 2063 8
248 1386 13
1542 1447 13
1553 803 20
609 1946 1
1059 1594 15
1101 1055 4
1599 317 20
444 1590 9
912 1028 15
1833 806 3
819 1637 17
575 339 2
606 723 8
2113 1728 19
2446 2423 9
590 1275 12
31 356 3
724 1279 18
640 298 18
2449 1604 19
1833 2164 19
1900 363 14
913 1777 19
1533 1831 14
2024 1577 14
1250 1480 3
1231 1130 8
2193 148 1
1168 684 7
408 2123 13
1107 1036 9
2115 1752 19
1161 1588 20
1050 1119 1
1498 436 13
1298 933 3
1979 2253 7
1904 577 13
955 1195 16
471 1876 18
2194 1723 17
712 1713 12
436 1217 18
516 1383 15
191 1995 13
185 1200 10
799 1861 4
1454 126 2
1247 519 10
1567 1950 14
1270 510 16
2095 1614 1
1024 1722 16
617 1399 9
1506 581 20
398 1948 19
1520 1412 19
1622 1459 4
1528 744 15
2236 2430 18
2444 901 1
2152 2294 12
233 1548 7
670 1382 13
353 1314 7
1787 1426 17
2231 1425 16
829 219 10
2033 394 16
1733 908 15
1936 34 4
1496 648 16
1520 494 1
2020 2168 16
583 1480 18
1643 2253 2
594 90 4
232 1752 13
1829 1030 7
478 1739 20
168 2278 18
1794 795 4
805 1544 15
450 420 15
259 405 11
1584 994 6
1074 1161 9
2008 1011 17
520 939 9
988 1010 20
174 511 18
1748 2369 19
998 1704 17
533 2352 20
1495 1739 14
1905 1455 4
1007 1734 6
196 1695 11
1093 1437 1
2129 1867 18
1912 343 8
1835 452 3
1965 2482 9
1744 2484 7
1922 2342 9
6 1851 13
1467 2402 3
633 2128 8
182 2399 9
2001 930 10
2380 1086 14
1661 1236 4
98 433 15
1404 13 6
859 284 9
112 1667 17
1778 447 4
1925 1578 20
1240 226 19
888 1000 6
1122 1491 14
1243 877 15
1560 1771 6
778 1274 10
1433 2202 14
1930 1663 11
640 1156 18
1085 1264 12
1139 529 11
2036 2062 20
2210 1921 1
782 2215 15
917 798 18
993 2174 12
384 990 10
2378 2384 19
160 908 6
2311 517 7
1549 601 18
1849 842 11
2441 318 2
2478 576 5
2222 1917 10
1284 1947 13
1874 317 5
2447 71 10
1695 495 13
1422 1724 14
2271 2312 10
1521 1130 9
1413 1800 1
626 1855 20
119 1955 2
1881 2056 2
1441 1183 9
1336 540 10
1599 2324 15
2465 2472 12
39 107 14
182 1358 1
1333 1651 2
1090 638 4
2497 1954 6
1597 1996 11
1716 2346 19
518 1197 14
1160 2188 17
958 1669 6
677 1290 9
2272 1239 13
461 2148 13
842 424 6
1390 136 6
1971 271 7
524 257 15
1649 2189 20
746 2375 9
510 1714 11
1968 1720 11
417 1526 10
2009 2084 9
1246 1232 12
1344 798 11
16 1514 8
1166 1616 13
124 3 1
1834 781 16
450 1149 7
35 259 4
1974 441 8
1021 2170 12
1223 1940 8
915 2370 12
691 1786 11
1199 1701 1
1446 845 10
1271 1470 14
945 1372 17
1396 1619 17
566 2231 10
835 523 9
2266 1731 4
1738 2289 16
462 2066 9
776 731 1
7 1128 12
1635 1065 9
862 1273 7
1235 2432 10
1223 2480 12
138 619 7
2212 314 14
1878 713 9
563 1567 1
453 1456 17
2326 2477 5
1160 452 2
1629 1589 15
1486 162 18
1619 200 2
1365 1034 9
1474 1896 12
410 2257 4
2453 423 10
1061 120 2
2427 1271 3
1629 1471 4
416 2233 6
62 1829 8
562 1554 2
420 2385 2
1602 584 16
1784 923 9
529 753 10
772 1300 11
518 634 13
1623 464 8
2461 1083 4
24 276 11
1046 859 19
35 2090 9
696 2113 1
1734 704 10
854 1938 2
2004 2331 18
27 192 9
1610 45 16
283 1048 4
880 2428 8
865 864 16
1564 1144 3
2290 764 13
1147 1607 5
949 727 7
1480 1338 19
1862 811 9
1880 376 15
2025 2121 19
215 1369 15
2067 1113 9
807 1368 5
2433 1538 4
1656 1608 7
231 2493 14
1196 353 11
1510 2199 2
1740 1636 20
179 680 4
1764 1781 15
2010 1463 6
227 187 11
1977 217 2
1269 2390 10
444 2024 20
1690 827 7
247 653 16
2406 537 13
1045 2211 1
1590 1880 12
1355 408 3
694 832 1
1673 1649 6
950 1437 18
1424 1386 19
1871 16 14
1317 114 17
2204 1320 3
82 763 6
874 375 9
756 488 7
2376 263 20
1617 81 13
2185 1653 5
1991 1191 20
1465 786 19
1455 675 8
2071 2328 11
325 2494 10
2190 2015 5
1420 761 19
2037 843 13
2353 106 15
1886 988 4
1827 805 7
240 1837 3
1481 434 17
493 2414 18
1830 1676 9
607 732 6
1055 898 18
1648 1342 8
1436 1020 5
1380 179 11
1088 206 1
1120 983 7
2290 417 1
2181 1136 10
1555 969 11
1145 2430 4
1511 2043 11
1242 1406 13
1036 2149 1
2232 1397 6
1588 882 20
469 1327 5
2122 1159 9
733 1394 5
91 809 4
1485 483 16
1906 1235 12
132 2284 15
1280 1954 7
1176 432 17
1019 1969 4
1203 1121 10
215 1892 1
1534 10 15
1586 2268 17
548 400 18
872 2377 2
1746 1663 11
116 2017 17
2 489 1
1574 1924 1
2222 1143 9
2306 525 17
1883 188 20
2491 168 4
2328 1173 17
1573 1340 14
218 1169 14
484 1756 1
1173 684 5
1609 827 9
2097 622 10
2015 1975 9
1387 171 10
2383 1773 17
940 773 14
1596 1727 12
1777 1405 9
2197 324 2
1539 725 20
1770 320 15
1231 1182 14
502 987 4
714 1245 17
592 1212 9
1174 22 8
1202 14 2
1248 999 3
428 2068 7
1049 2370 6
2031 1523 19
1306 500 2
2437 1163 19
2179 948 19
2008 1913 3
986 954 18
1398 2323 14
1546 134 16
1196 1693 17
512 342 9
965 2248 18
2091 2168 17
1477 1500 15
1540 2223 15
681 2471 20
1713 1449 8
970 1438 16
35 2460 20
1823 867 13
552 2076 14
1519 1784 18
42 1946 15
1084 1763 1
1558 2407 19
2099 1627 15
2059 2434 4
997 217 4
1957 1912 1
1363 1790 3
545 2037 12
2205 1293 7
1263 785 12
2099 2183 2
674 1291 17
11 2194 9
1222 33 10
128 900 8
381 109 12
956 612 12
2003 169 12
434 440 3
643 509 14
2214 1245 6
1493 1299 19
2203 1951 15
1356 910 8
1485 554 13
1383 376 5
1906 1248 11
974 1986 9
2176 86 12
1377 1193 1
1355 1794 9
2086 46 5
2486 2499 7
1623 2339 15
1586 356 6
449 1762 14
1916 1805 12
673 1755 10
1761 1837 19
2473 693 1
1489 805 17
234 1728 5
49 1821 17
1708 2045 17
1869 2360 2
1349 1075 3
1253 1262 8
628 398 18
1624 1107 13
217 1169 10
405 95 10
1123 53 6
1062 2054 11
969 1114 20
62 1959 18
1566 2360 1
55 2260 19
993 94 20
1350 1580 10
2399 1374 4
929 772 2
2353 887 6
2249 706 14
973 123 12
694 1974 11
1995 1447 12
835 2099 2
655 789 1
1281 1289 4
650 356 19
1977 2164 4
882 2409 7
2049 81 13
400 465 19
2245 2215 16
1030 1581 2
652 22 16
147 1476 17
1932 2368 14
172 2490 2
2384 630 1
827 321 6
1822 2080 17
2072 2227 10
635 2221 15
2262 1923 18
2485 2332 17
2018 2496 10
84 2475 13
1323 593 9
1704 714 5
2156 1798 8
666 503 20
2338 2122 16
1659 908 17
1023 1751 13
2100 1753 6
657 1451 11
1642 1185 7
1052 438 11
429 991 9
1443 1066 5
2302 1322 11
1840 1986 15
2024 149 16
2262 520 14
2474 2236 19
2027 1859 7
863 1236 8
1655 2061 12
1716 1528 20
121 797 5
261 1379 18
1180 368 4
1911 391 17
1989 1573 15
2232 912 8
2298 1928 14
475 2184 6
1759 1888 7
900 2212 16
1511 1066 2
434 800 6
1064 2363 17
904 1179 13
2029 2233 16
1099 445 14
181 1035 4
897 1224 9
1788 106 17
331 1226 2
51 1023 2
1764 938 5
2479 127 19
971 1229 16
1841 38 10
149 647 14
1392 745 6
1298 1809 15
1747 108 7
474 1007 18
1367 1640 14
850 340 1
2080 6 9
359 2242 3
202 44 11
1082 1581 16
2382 1756 10
1281 568 11
1435 2033 4
1245 998 17
887 1788 16
1921 36 2
1897 1946 16
489 890 16
794 1274 7
1710 1978 14
366 607 17
2374 2311 13
2452 363 9
1863 414 14
909 1572 2
1978 1595 4
1910 610 7
1958 2065 1
1768 2488 9
1448 539 14
2204 1570 8
1543 338 15
1667 883 16
1711 977 12
1695 965 2
2000 910 9
1222 1238 9
364 1759 3
2256 993 2
465 1484 12
2118 1200 1
823 1408 10
1344 2291 9
2191 2268 5
906 1475 20
2122 1903 20
1254 1143 19
258 1675 2
634 2217 7
1579 1803 15
2470 1186 8
1497 1715 18
88 610 7
1402 1988 15
931 1782 14
269 705 11
1273 2117 3
1651 80 17
1738 923 20
512 934 6
67 1706 10
1815 64 8
2058 2003 7
1060 281 9
398 1793 6
1664 732 15
532 2400 11
506 210 10
1166 321 2
1933 327 15
930 1821 5
798 255 16
456 1568 13
736 1143 8
2007 537 10
556 1283 15
1601 1700 20
143 1286 1
134 2339 7
1349 854 16
2352 885 16
849 269 7
1365 1770 13
1190 1378 19
516 2184 3
1459 1788 13
1296 150 17
291 2310 18
369 2089 8
671 659 13
859 199 10
819 2086 11
2041 1764 10
1345 2346 11
734 1872 10
1563 2461 18
1938 2144 18
1732 1679 12
23 433 18
1352 2412 11
1503 1724 3
371 1059 1
1466 8 3
653 1517 8
2436 123 9
701 1712 6
1550 899 14
1886 1219 10
180 1399 13
1980 9 14
1398 28 12
249 2131 14
2430 699 13
2031 1100 20
1277 1288 2
1233 1346 14
1035 428 20
1400 103 10
2191 1948 4
1247 119 2
208 469 1
373 358 8
2442 2436 14
1872 680 19
1108 1386 14
2182 2439 17
1798 1645 4
445 1504 5
490 1881 15
2139 762 6
2281 1144 2
2019 246 8
1767 1242 12
937 1157 1
488 477 16
1751 964 4
1281 1557 5
30 2037 3
1993 429 7
1084 1864 16
597 2334 7
459 419 17
2043 1693 5
1917 736 6
202 562 18
2485 1276 11
2136 589 10
179 1792 19
1572 1893 2
2420 1989 10
1992 1027 3
1282 2465 9
2490 1511 16
1269 2 17
1046 1418 3
2317 1547 16
1746 1581 15
393 1590 1
97 1483 10
1289 314 12
540 2445 18
707 2139 20
2032 508 20
748 146 10
440 126 6
1438 1998 18
1561 949 18
342 2165 13
2299 876 10
127 619 11
357 1462 8
695 1854 5
1486 1088 12
614 1162 1
555 1267 18
936 2490 7
1376 42 3
2218 2269 4
880 1713 11
1714 1167 2
1914 1845 3
1162 18 15
1780 1755 5
752 454 7
1551 1758 4
2152 1440 11
2445 1877 2
2049 1566 3
1295 296 1
1122 2303 18
2408 1435 19
2043 2034 17
2492 2144 10
1329 57 14
949 1256 16
2016 1575 14
342 260 7
1170 1704 20
1262 1021 7
1672 1986 1
1232 235 19
2088 498 9
1145 2410 10
863 648 3
747 270 17
1518 477 5
2020 80 10
503 2040 9
2166 1438 7
2182 2044 2
2376 614 2
1800 937 6
1000 118 13
17 127 8
1492 1719 18
789 1435 7
2486 871 7
1088 1944 18
562 617 14
1888 1653 3
116 295 12
1928 2276 2
519 1205 1
522 121 20
1459 40 5
1206 1161 9
2227 521 14
275 2083 6
776 150 9
766 581 4
791 172 8
273 135 18
2481 323 14
283 723 8
6 2241 4
589 2304 16
31 1257 13
2496 828 11
2343 2316 13
2058 638 11
1250 1372 8
355 974 11
1643 584 13
86 1375 16
488 1040 17
1057 1811 8
498 2222 15
2132 2057 12
1593 1730 1
2048 1678 4
2266 2258 13
2466 370 1
1468 1908 19
688 1564 8
1667 2147 11
718 53 11
150 1768 9
525 1709 20
492 243 17
2235 2282 18
163 690 10
1061 262 16
1932 1725 18
2190 1420 16
1068 537 7
1681 629 11
664 557 3
1543 885 3
610 1582 16
701 59 9
625 1127 16
176 2195 19
1179 1657 9
277 2185 1
2436 2009 1
1177 2228 13
566 186 5
2058 894 11
22 336 17
274 1700 11
586 2016 10
414 910 9
400 449 14
1949 2446 10
2079 2301 18
2218 2187 8
1499 443 11
411 545 16
268 282 13
1096 1131 14
2187 1440 18
239 864 10
137 1616 7
973 1173 2
2308 1427 15
1913 282 1
252 633 3
134 1388 16
2390 160 15
1806 1929 10
571 986 14
247 1788 4
1993 1565 1
1210 201 2
1031 1562 20
902 1025 4
1313 263 18
2188 2010 18
674 650 17
605 598 1
499 1774 2
2334 1054 13
71 588 15
1741 860 13
947 1749 3
176 431 12
1252 636 12
1767 1922 20
412 2380 4
1802 222 1
746 808 16
561 250 12
754 340 2
2323 37 4
1581 606 12
1852 1851 15
40 839 16
583 1929 18
2044 1026 7
130 400 13
278 1575 6
1999 388 17
2381 1523 5
1780 534 14
369 1328 13
1382 1216 13
155 154 13
624 12 13
1676 344 9
833 793 7
2397 2073 1
2171 1341 17
1407 300 16
615 1657 14
1838 194 2
321 2456 12
1686 1658 19
1094 1165 5
513 2479 10
813 146 19
811 538 7
1968 1787 10
1753 482 4
180 431 12
633 731 15
1508 2088 5
1977 402 6
649 626 18
2302 1648 18
744 2346 9
1073 2334 12
1727 2231 1
213 1920 20
861 203 14
629 1893 14
2214 1490 18
1199 2465 15
1294 2045 10
1937 1208 14
1310 2251 15
1303 1022 8
36 2110 9
997 218 12
1188 1137 8
1958 2305 1
2065 2314 10
2180 2197 2
692 1271 13
1944 121 16
399 440 6
521 797 8
1602 1979 1
30 2002 5
1023 2305 13
2215 1745 17
1803 2270 7
2258 360 6
1017 1667 15
1819 1890 1
2089 135 6
619 1733 11
786 495 14
394 408 5
2281 12 4
492 1645 13
574 289 4
174 2102 10
2452 1406 7
2393 2367 13
877 1844 5
516 1080 20
1729 1439 19
979 2483 7
457 2343 3
1279 1320 10
1128 762 16
1267 345 3
1296 440 13
613 1077 9
849 1733 4
2021 196 17
1918 1359 2
1721 1160 15
2304 206 7
54 1178 14
2454 2358 16
1285 2409 20
1360 2380 2
653 2353 16
936 1322 4
58 2217 8
1091 1222 15
943 1860 1
755 2325 13
2176 2464 13
1465 196 1
2056 659 15
2192 2276 13
628 2403 7
1842 607 9
1463 1008 16
2131 418 1
2205 825 12
1884 288 1
1966 182 2
1588 1476 14
551 74 19
1964 865 15
2018 1597 1
2259 323 4
128 1931 9
2036 1155 15
560 1124 10
472 869 5
500 1618 5
603 1281 8
748 1743 5
255 1915 8
1404 2481 10
1346 1024 4
1011 1479 13
2103 511 2
1104 73 2
176 1532 20
1672 971 6
653 311 18
767 2313 4
230 1509 11
1258 1520 20
1553 1548 19
695 383 3
2462 2050 15
1397 850 8
286 700 4
457 1580 1
1898 1498 19
804 212 7
2351 2289 20
1985 221 9
724 1765 9
1666 753 13
964 9 7
1362 1992 15
1827 528 12
2463 2121 5
1271 604 17
1674 979 11
1414 735 17
2343 2432 3
959 242 17
1373 102 15
243 1607 5
446 644 2
1757 793 2
1442 752 15
1009 2379 13
766 308 9
580 1250 9
2175 2030 13
133 1443 3
46 1463 15
1572 944 2
2133 1384 4
816 2126 17
1995 248 15
1889 605 6
888 982 7
2095 1431 8
2293 1924 9
546 1345 16
1032 1537 2
141 598 6
1975 240 16
1489 20 19
1666 1436 15
2380 1356 1
346 1791 1
573 1248 19
1865 600 17
1204 1534 7
1831 642 20
1707 2192 17
2101 1420 12
2448 2316 6
1998 37 3
912 2469 3
1926 438 15
580 95 15
1182 464 10
994 2259 6
1161 1569 13
800 2172 6
1391 2063 19
608 1430 5
1552 307 4
619 441 7
2407 391 3
2252 2432 7
64 660 16
1866 2404 7
2404 1435 19
779 694 8
159 496 18
1739 859 9
1391 206 10
1579 995 15
718 110 10
2247 1063 16
70 824 10
972 1001 18
558 1971 10
575 1799 14
982 28 9
1256 294 15
2151 56 9
1898 258 18
570 2280 17
597 1434 10
818 438 6
803 1977 9
1949 850 14
2009 1126 11
1874 396 11
579 2194 17
1417 2030 11
1873 2128 11
1057 154 9
1730 446 4
119 619 11
1363 1364 3
1951 1330 8
788 232 15
826 489 2
1330 865 16
2381 1718 9
1869 1813 5
38 1843 7
2397 1732 4
1692 2342 16
916 1149 3
2384 47 18
992 1308 14
2161 678 4
1003 1724 17
103 2418 4
485 1736 15
1862 2415 2
1993 985 19
481 1139 16
1378 1353 10
894 2225 8
65 737 3
1547 1291 9
1906 1506 15
415 32 9
1165 925 14
2286 1736 20
2147 880 2
303 583 6
2156 1240 19
947 422 3
2136 991 20
1287 1032 14
593 170 16
749 2189 6
1253 602 18
276 2287 13
602 1521 3
1507 326 20
921 85 2
328 835 10
524 13 8
1932 2487 20
1359 1353 11
725 2176 19
1485 103 15
175 1411 11
81 1531 20
76 1894 5
1178 159 6
1017 2411 20
2105 448 5
357 601 3
2338 1801 20
2205 883 7
1105 1847 14
1175 2094 9
1409 1626 11
1556 201 18
2158 1013 19
838 380 2
1594 2333 8
1096 2051 10
390 145 2
2286 1015 13
529 2349 17
2419 2075 16
288 1752 7
693 974 11
308 1559 19
838 1709 4
24 1860 6
151 1418 13
1951 352 8
2241 1554 7
1331 301 14
2459 365 13
780 1914 13
2349 611 15
2165 943 10
412 1442 13
1168 1116 18
652 1784 18
1026 1387 1
303 2243 2
1027 620 12
1995 2197 9
632 221 11
1293 2265 20
357 1350 3
1131 1040 15
74 1133 8
1466 428 20
1258 2342 3
547 1661 13
812 1738 15
775 56 1
1664 1445 9
2429 308 2
1831 1130 6
1969 2411 7
87 1319 2
1529 1451 1
491 730 16
1368 1314 5
1684 1903 8
822 1532 1
1400 1355 14
1768 822 17
355 1216 11
1158 334 5
1675 871 8
549 1757 2
814 255 3
2225 1961 8
251 881 7
1853 1824 6
160 1260 1
2431 134 15
2121 557 6
383 419 10
977 2496 13
2018 1286 10
868 1518 4
98 872 2
1284 314 5
1904 1114 18
1657 690 12
998 148 17
2374 2436 19
2150 1433 18
71 1053 2
675 2369 14
1039 1767 11
907 2085 4
1113 188 9
1352 843 8
1081 1238 10
487 1336 11
1779 1505 12
1757 2486 19
2461 569 3
1823 1678 18
1978 528 4
1264 1815 20
1103 1619 17
1965 732 5
2261 63 13
578 1213 15
512 1526 9
1552 1968 16
314 2290 14
264 485 20
348 2005 10
838 2306 7
248 54 3
428 1305 17
1654 1243 8
475 1105 11
1895 2433 7
999 1170 17
382 318 11
549 138 15
57 1416 7
1189 608 12
2374 1321 16
1812 1869 16
1636 957 8
197 380 2
376 238 7
549 955 2
204 861 4
1866 445 14
480 819 14
1610 978 8
1893 2288 5
1878 2064 19
687 749 2
2059 1061 18
1296 961 1
2142 1988 1
683 472 12
841 1191 17
1425 536 16
2162 76 8
2494 1292 10
1819 336 8
2463 1609 13
2177 1380 1
1127 5 2
1980 2398 5
536 419 5
905 2362 6
13 994 9
1725 710 9
2053 2178 18
2061 1942 15
2380 84 3
1257 531 10
2472 1190 15
2113 1225 17
437 1392 8
1361 642 17
115 1497 1
1164 1888 10
245 2260 10
354 1437 15
1486 664 17
1283 541 7
139 809 11
1387 2139 18
1838 491 12
1671 114 1
728 1395 16
1053 1555 17
1172 1739 16
2220 1480 19
2271 324 3
919 1330 13
813 2223 13
813 1969 20
1945 1403 3
1633 2428 16
462 1323 9
1429 1650 20
958 164 3
1986 1213 9
59 2216 2
886 1173 10
1898 2290 19
2387 1480 9
2420 1927 19
475 1599 16
1157 860 8
1730 1838 20
1987 374 4
732 72 1
901 1592 15
1590 1124 20
315 1761 8
201 341 2
2022 2450 5
1982 693 1
230 1007 13
377 131 15
1603 1353 19
2275 2278 17
1095 177 13
633 705 7
1981 1138 16
54 1939 1
32 574 18
1660 1465 20
1571 786 1
2386 379 10
1197 130 5
1876 198 9
1684 1104 16
564 879 10
1258 306 6
129 328 15
2245 2356 5
29 2285 20
2462 2049 14
2013 2336 7
1830 1263 6
2041 37 2
2364 1279 3
2104 1834 17
1123 858 2
1135 1817 3
1885 1775 17
1825 637 20
766 1428 6
889 151 2
1142 1269 11
1442 2074 12
1775 2475 10
1482 1106 15
426 144 19
1306 2006 2
774 1270 2
235 1898 15
1812 1566 5
256 1841 3
1537 47 1
182 1809 4
1779 454 4
1550 1106 18
951 2146 15
372 1856 6
721 942 9
1874 1703 7
464 1536 12
2445 178 10
599 1755 1
2289 856 4
1312 818 5
1132 870 11
1177 1592 16
1177 281 13
94 2206 8
716 1852 7
1052 602 15
2191 822 8
574 2332 16
2128 2006 13
875 1234 8
1962 1034 18
1347 1571 12
95 1372 6
1785 2406 13
2091 1333 19
1697 1822 8
524 799 9
1029 1444 1
1628 623 17
696 1263 17
2493 2150 17
102 125 5
551 883 3
140 561 4
829 451 2
360 641 16
2350 432 4
2443 879 8
1259 786 1
326 2347 13
1176 553 15
1766 901 3
465 1228 13
958 1065 13
155 1405 8
1342 177 16
304 1023 14
415 754 14
876 1350 19
2124 955 20
2203 1960 13
1309 1357 14
93 1461 10
1261 1241 17
2021 1251 3
1194 1790 20
145 2155 14
1128 1179 9
1810 2311 16
111 615 5
1426 2035 8
950 2056 20
2 1555 14
2347 902 5
148 780 12
44 108 1
2237 1394 13
2081 2469 13
2274 490 1
324 1447 1
2237 726 9
666 2239 15
2324 758 15
148 1556 11
1510 713 20
1204 1781 14
1578 1945 12
705 111 16
268 1575 14
1657 2328 2
769 2042 1
792 831 2
1749 519 10
1450 447 2
254 1976 9
1923 1536 12
2101 2214 20
2078 1991 16
1355 1246 13
1425 1506 4
2046 2244 16
1620 1115 8
1264 1319 17
2063 522 20
2135 929 6
1186 2074 5
2141 2101 7
2067 1796 20
2247 223 13
1334 1101 2
1601 750 2
1982 2063 2
1227 2451 11
1801 279 8
1137 1226 13
2417 686 7
2015 256 14
1055 939 13
1081 1450 19
1326 1758 2
401 2100 10
862 804 17
382 1478 2
573 683 5
2201 140 2
1983 2440 2
1206 1935 18
2422 1363 8
2209 2330 6
2220 1235 13
1546 457 2
617 1416 11
1743 2027 4
823 709 6
1603 2002 7
1319 1609 4
139 735 11
550 1719 12
569 1941 7
1839 77 9
1329 180 15
1615 654 15
152 661 7
379 2429 14
827 471 10
1544 980 11
1890 102 3
1171 1883 13
407 2113 11
1188 1720 11
2348 492 14
363 2161 4
1647 645 17
1621 151 4
219 1070 18
104 225 8
1341 1567 2
659 1620 13
2434 262 7
1375 535 20
1471 785 19
1580 2132 11
1513 469 19
889 270 19
2307 784 4
1880 966 5
1913 256 17
854 1452 20
1070 1641 20
1740 1561 5
1813 2074 3
1464 1456 6
1368 1272 3
1146 935 6
1154 679 12
188 2208 17
1268 165 2
1072 2351 13
1648 1535 4
2299 575 13
23 928 6
749 2402 11
817 207 12
36 1351 14
1744 1625 12
2339 627 2
1324 2132 18
1375 1080 20
439 2360 10
1494 520 20
393 291 2
1647 988 4
917 2209 8
1925 1862 9
818 583 3
1466 2375 15
116 2313 15
1019 926 2
1138 1793 9
1692 2056 20
2464 224 3
74 1691 12
1596 1879 17
1325 359 6
2146 1585 20
735 1227 9
1241 1367 20
1717 1839 5
677 1811 11
1396 485 5
883 1782 9
660 62 16
1216 1014 4
2278 1925 16
1172 951 1
2300 384 10
1178 1974 17
2243 1431 3
381 2204 10
1161 986 4
432 420 18
1743 639 6
1474 1681 11
459 1906 6
1162 934 18
1850 322 17
1253 1494 9
2046 948 16
2292 591 17
1641 2096 3
738 1826 20
2499 2064 4
1192 2425 19
383 682 12
1242 306 6
2499 1675 13
1221 1605 8
866 1584 1
225 720 14
1773 569 20
831 1375 4
1196 1370 18
1445 1538 11
1510 1337 3
320 345 18
1723 750 11
1522 544 17
261 73 11
318 1876 5
2377 211 6
1868 316 5
60 990 17
2274 2312 12
1639 2269 3
605 654 10
2304 2465 11
1983 1043 20
2277 2119 20
2450 1131 20
1558 1639 2
373 1092 16
1979 1766 8
430 486 20
2399 214 11
463 84 17
307 1605 15
153 1475 8
1746 1959 19
1867 1544 10
1765 431 19
697 2213 11
389 1449 16
1694 667 5
897 1424 3
2234 1876 20
907 2277 7
2406 1559 9
2081 1219 7
335 427 19
647 859 2
2254 64 18
236 808 1
1443 1950 12
1541 518 14
1040 1941 20
1526 1429 16
2321 967 5
804 1176 9
398 1502 13
687 181 3
93 389 20
2189 1467 6
699 2192 7
1981 1686 15
1301 1585 20
1694 926 10
183 467 3
130 58 15
2396 742 5
1019 1291 3
277 311 20
1050 2263 18
454 858 13
1153 562 7
101 63 18
1525 1069 11
272 2427 12
2022 348 15
1604 197 12
387 2351 17
2101 1707 4
240 329 13
2006 252 9
2241 2114 12
1524 1854 8
780 572 9
1692 2440 9
932 204 16
383 2440 2
1439 2075 20
67 1414 4
782 2429 16
1761 2481 1
235 1766 12
611 2147 4
606 2214 4
2345 1810 12
2497 319 7
974 1382 4
1725 905 4
1182 2011 14
2116 2030 18
1816 1530 10
1904 632 1
852 1646 6
1500 1452 3
187 844 20
1076 2295 7
334 348 14
1917 567 12
1347 792 5
171 309 20
71 1820 14
1890 2322 3
2304 836 20
142 1835 14
1403 707 7
2163 1165 1
125 1058 13
252 1996 19
1600 1477 9
1706 1863 2
284 1703 3
1350 1546 17
1126 2345 19
2425 497 12
1121 1120 19
2489 1494 18
729 2386 7
290 2065 8
579 839 19
1511 558 6
1018 690 16
2464 1539 13
1360 463 3
500 212 2
502 1152 18
1899 1546 18
1113 2228 8
1400 689 16
150 126 13
577 1444 2
920 970 15
388 1975 7
829 2356 19
1786 919 13
669 511 16
12 2169 17
573 2141 15
1628 1436 7
2317 1955 11
1836 1900 9
1701 1857 16
187 1818 15
1867 2298 12
877 623 7
2226 2426 4
1060 1063 12
233 2388 4
1361 1533 8
97 2166 8
900 1321 19
214 933 12
1926 1312 14
2057 1656 18
2292 249 8
826 907 8
2224 1199 12
109 1877 18
2426 131 3
1062 149 8
319 2267 10
753 960 17
1931 313 7
1319 471 19
1722 2238 9
856 2405 19
2094 435 9
2356 6 12
988 1722 10
948 2492 5
2327 1567 18
1616 315 20
1926 96 6
2196 183 2
144 1791 3
1916 581 14
706 1500 10
2341 857 18
1343 1517 1
2279 733 1
666 395 1
945 407 18
1621 196 6
2135 2365 8
1151 1719 2
2209 2320 8
272 346 7
1338 2146 11
2240 2193 3
1504 83 8
730 1629 6
775 2356 2
123 1284 6
1702 663 15
1217 1429 1
2337 504 1
522 186 20
1557 480 14
1334 1174 6
2007 1247 14
78 1025 4
965 1098 16
1934 1909 4
2298 2110 15
222 1830 16
1471 2351 11
1057 1597 8
1967 1243 16
1719 2452 7
618 1082 13
2255 1165 20
1769 1842 1
2188 831 6
225 1859 9
81 2050 2
1953 463 9
241 2091 14
402 1095 8
394 1794 2
296 1849 5
397 1702 18
1801 2156 19
520 1423 4
2212 128 10
743 704 3
589 11 3
678 1150 7
403 632 4
286 2211 8
1390 77 3
1776 2161 15
1200 2255 6
1273 1253 8
2103 2467 6
2315 739 3
165 1493 16
1814 472 8
365 1184 15
33 2270 8
676 2188 12
561 759 18
2386 337 7
1303 470 19
1874 962 16
1712 358 7
1101 2444 20
1920 529 8
2035 312 15
1989 1525 18
2333 1040 10
1586 1513 4
1733 2479 18
857 427 7
1340 1827 6
808 1331 19
1077 173 11
1484 1445 20
1047 2346 13
120 1353 5
1624 1687 15
909 439 20
1030 1797 12
271 1354 6
2132 1252 5
1301 156 18
1756 2060 8
55 1041 18
756 710 12
664 637 11
2450 101 6
318 742 8
2285 191 4
219 775 20
2203 1600 2
2328 1018 6
2165 285 17
2370 760 11
365 552 2
16 567 7
2026 884 9
14 543 15
2099 1021 9
1992 329 2
501 808 16
136 1464 4
2484 1161 15
1803 935 3
925 1870 3
556 1288 5
1323 190 1
1256 1521 17
827 1963 13
1858 238 11
2495 162 9
1251 51 18
1215 1814 9
1415 2362 3
870 1640 3
640 1515 6
200 330 8
2019 1297 16
1026 1237 7
1730 372 17
1306 1956 13
2156 2447 17
2302 2085 5
595 1691 11
1679 760 11
2034 1680 13
2007 1682 7
1292 2059 14
93 787 6
237 685 18
65 28 15
172 1749 16
2174 118 6
2079 2028 19
1041 1528 19
749 927 14
368 166 2
1658 350 13
1721 1307 1
655 2413 10
245 853 5
169 894 9
456 1042 8
941 781 10
1370 784 18
1726 96 16
1286 61 4
784 1651 16
1506 566 9
2196 979 2
2369 2261 7
552 41 11
1245 1379 11
292 1640 16
48 393 15
1821 287 10
249 1487 5
1599 1822 16
1721 2272 9
1047 1280 4
1472 2354 11
702 2192 6
1845 572 3
457 830 12
46 1760 1
1432 270 9
1634 996 12
547 556 10
650 467 18
1690 1774 3
738 404 20
2308 1750 13
2412 164 13
1611 1614 16
591 1458 20
1359 1352 20
1690 509 7
531 1091 19
2000 2475 12
338 844 14
2428 1487 14
650 1513 8
2401 1403 8
314 2273 8
1793 531 20
71 183 9
609 304 8
25 2167 12
2281 1636 19
1465 404 7
1488 2246 9
2143 462 6
1198 49 6
2117 27 5
2259 1404 18
1266 1624 10
1606 1844 9
152 825 8
526 1050 3
1101 668 15
672 534 6
32 743 18
586 477 9
867 1837 8
1996 853 14
1252 1416 19
665 1878 18
161 1050 5
2118 1870 11
2077 979 17
786 616 20
2273 574 17
1997 1483 8
1133 641 3
1788 1984 7
333 2017 9
2004 70 3
299 2326 18
1340 580 13
189 923 12
570 202 14
1808 700 13
1453 1014 15
837 2170 15
794 601 9
1567 2124 16
2485 2273 1
2400 1527 9
1808 1512 18
1004 1479 3
2303 672 6
545 388 15
2045 1915 8
61 1736 6
2178 833 14
1099 2408 4
2229 1943 1
229 2366 3
1204 990 18
152 386 18
291 190 12
1641 907 2
595 1685 6
895 1778 4
983 1158 17
5 1376 7
1429 222 10
898 457 4
1966 1670 12
1727 1381 20
1310 1464 1
133 1322 14
1091 2383 16
1228 1048 8
1374 1012 16
1724 1880 5
2180 741 13
2409 869 10
2317 2309 8
1192 2430 18
1227 67 18
2372 734 14
1642 966 13
726 824 15
1324 636 7
1175 982 8
2018 1513 16
484 171 20
2199 2418 18
915 158 12
1983 34 17
442 314 1
102 1912 16
2276 805 8
1718 544 16
931 2083 13
753 1872 10
2187 2316 17
693 1391 6
1077 1289 19
688 48 9
1171 1113 6
1656 1991 17
1974 1136 17
199 68 11
609 1376 5
1550 646 9
1734 821 19
924 1561 12
52 48 14
1538 846 19
375 1100 16
716 1348 6
1750 971 5
293 1811 13
511 1051 13
727 1644 9
267 1828 20
415 1212 3
1681 1070 2
2013 152 20
1966 298 8
2440 1412 6
489 1820 15
793 127 1
426 346 3
817 1538 14
2029 2398 8
658 951 16
1696 971 8
2137 848 10
2126 957 5
2256 2206 7
1085 1598 17
1287 541 18
322 1100 12
1422 918 11
204 1702 18
1728 945 17
624 1144 13
662 112 9
2052 1958 12
1964 1000 8
960 1744 11
2323 65 6
2323 2134 4
1194 2159 18
1049 1579 10
1293 967 3
2219 863 4
252 1262 20
891 1637 2
1320 767 9
1665 265 7
1278 200 14
2243 2226 14
2001 464 8
681 701 17
2456 1616 16
2387 303 17
2432 481 18
1005 382 9
1583 198 17
682 459 13
2069 256 3
765 608 11
1155 82 4
2468 1237 13
602 1072 15
1111 2283 5
2447 473 1
635 889 7
2358 1314 7
759 1691 14
990 2134 10
1955 2361 4
1048 69 4
2186 1492 15
282 946 5
1368 1196 7
1045 557 6
1622 1316 14
2300 1740 13
970 97 18
2024 1792 7
1067 2144 3
299 2269 1
1274 1580 16
343 125 6
1390 1456 20
651 2093 5
380 1832 9
2125 1944 10
325 1477 8
679 1699 16
1875 1358 9
40 1683 15
1669 843 7
559 100 15
1134 127 9
767 1960 1
473 2314 6
1300 1913 13
10 1211 4
484 783 20
1432 991 2
295 1847 7
1510 1657 19
628 1679 7
1482 1899 14
1785 377 16
1103 61 3
650 2369 11
1769 985 3
1129 92 9
460 1461 8
1743 1854 15
535 2176 2
2471 1791 7
286 711 15
1921 1393 12
1954 1773 10
713 1237 5
1310 2386 15
1292 1452 12
1069 1652 9
777 741 18
579 840 19
1551 806 7
1038 184 11
1962 2494 20
1105 1347 14
1685 2214 1
1809 214 18
1937 226 7
758 1346 5
731 1873 12
122 1712 10
1228 768 17
2025 378 1
1923 2468 18
2148 1658 3
29 1632 2
1389 2344 3
1285 1215 13
1647 1699 16
285 513 4
1218 1410 2
1720 2300 15
799 1778 20
675 1355 16
941 1275 10
2047 860 7
836 1047 12
1381 501 20
1729 1796 2
2480 2464 15
161 86 13
2351 2011 2
2313 942 14
1155 813 11
2197 54 9
2143 190 12
1006 540 18
290 39 14
377 1058 3
1331 1022 6
1612 954 3
632 2438 9
1152 1738 15
2051 146 1
1358 740 11
2259 216 2
963 2046 3
1647 1401 3
1010 2238 10
1520 1309 4
364 1919 2
2287 584 17
2217 1197 11
1422 966 14
2026 2396 18
1147 627 14
1010 456 14
2477 367 4
670 673 15
487 273 13
1043 1093 13
1539 451 3
1479 1448 3
711 2339 18
88 1298 15
952 89 2
1607 2111 9
2292 330 16
2449 416 7
99 246 16
267 2048 19
1266 985 1
2282 2057 18
980 79 14
1335 1395 16
906 245 18
1051 2488 14
1688 1314 13
1761 1084 5
1326 803 1
2322 651 4
1067 310 17
690 2019 9
2016 1151 15
1577 401 11
1872 2407 16
345 1460 1
2060 783 7
735 1630 19
1297 444 12
1150 1884 18
1400 1232 15
393 871 6
1053 2156 7
515 1290 4
554 2201 4
1215 1677 17
2115 1884 1
208 1799 20
2459 2042 8
769 41 15
1967 1828 20
830 193 9
1509 1610 12
198 2379 4
927 1649 12
2391 2464 20
1218 62 15
1268 1223 3
10 2495 15
1795 292 7
44 669 17
864 65 5
1750 987 10
1153 1972 5
476 409 11
1067 1075 16
1810 2027 4
2133 1077 15
832 2014 12
234 1694 18
1373 2093 1
1372 1952 4
484 351 19
1657 1592 5
1998 1398 17
33 569 6
652 189 8
2287 771 20
1114 1698 12
336 1550 16
2163 594 1
1621 1970 3
1634 1700 1
1742 442 19
2003 1070 4
2332 210 1
435 2256 8
2066 161 5
1689 1764 5
1107 588 18
2159 903 18
2255 137 7
2012 2213 3
1136 1951 20
1246 2229 6
1826 1407 17
1130 1738 9
663 487 17
676 452 2
1188 736 20
162 1239 8
830 2228 14
1989 496 20
696 667 2
509 1609 12
324 741 20
2354 77 13
484 1128 15
1931 1742 8
1366 2220 13
773 1542 8
1434 371 2
117 2280 3
1705 477 2
1910 143 1
1673 2115 14
57 1399 20
2157 341 19
1853 1009 16
726 662 13
2227 1601 17
1819 1174 2
1906 536 20
1715 2454 2
581 1583 18
181 1595 9
760 2191 6
2283 1408 6
207 1583 12
662 2333 13
1836 2272 17
91 1789 18
57 516 5
375 1286 16
1218 2365 14
91 2087 7
1294 255 19
1762 1078 18
771 603 18
1655 2153 6
2251 143 16
2082 515 8
1564 52 17
2350 553 4
1613 479 14
1973 1155 3
845 0 11
113 187 6
1970 1465 14
341 148 12
1887 1170 16
1309 306 9
1003 1064 2
1596 237 3
1623 731 7
757 1179 13
783 309 11
2309 1308 11
2411 193 13
1415 562 14
2415 2358 16
1950 1856 1
184 2004 2
779 441 18
500 2413 9
342 2374 4
995 2244 12
1071 2135 11
1880 1858 16
301 1167 14
347 1148 17
744 1994 15
1821 1963 16
674 183 20
19 1470 16
315 185 13
351 279 13
1362 867 4
1093 40 16
867 329 15
644 875 20
2021 404 2
1316 631 15
1947 1645 3
1309 953 15
2455 1861 18
2397 628 20
1943 1232 20
714 2101 18
175 1770 14
1492 230 5
351 1903 13
2317 992 4
1985 1459 14
1172 199 10
2265 2321 13
1827 687 13
1950 1183 7
1187 961 8
1677 749 15
1249 1472 6
272 1483 1
724 1313 19
469 658 18
2486 1590 18
1052 839 7
1244 728 9
1618 153 3
637 1206 1
1201 2426 2
26 660 7
1611 2119 20
621 373 19
444 156 8
764 1217 2
2145 1808 13
1552 312 14
115 2488 7
514 2343 7
1024 2297 17
2226 2448 12
1007 743 13
337 1084 4
1631 2105 9
1726 1284 12
2386 143 19
802 66 15
2421 1296 6
2127 2092 17
331 296 9
12 2385 20
460 2428 18
645 2444 1
2367 706 20
889 2483 7
1414 2186 16
1545 2373 17
920 604 12
835 2491 16
1420 1685 5
2370 2461 15
773 2285 20
2445 1812 18
1949 1549 7
1151 2186 5
1978 954 1
2208 819 20
1698 43 9
1224 423 1
151 2025 13
48 417 3
442 128 13
2123 1246 10
1497 1161 20
2408 799 2
1062 891 8
777 2271 12
998 147 1
1716 2443 15
1889 1615 4
1630 2451 5
2361 1247 1
1703 2279 20
1210 1002 8
619 1659 16
688 1526 19
2143 895 5
817 1409 15
406 1422 10
1129 1936 13
410 1587 2
521 1282 5
1975 1563 10
1409 1955 2
2013 1698 4
89 1877 18
21 616 15
1286 337 3
1015 585 17
2393 944 5
1021 2055 17
2331 1109 13
859 2435 1
1840 801 15
2395 530 9
1507 1499 11
366 1962 11
579 571 15
2028 814 12
2441 2396 14
278 1499 13
842 1287 20
2270 250 15
1303 301 18
1592 56 12
738 1920 6
1712 204 19
220 1524 20
583 2193 20
2223 1973 20
2042 1598 5
2443 160 20
482 2389 11
4 248 8
390 962 14
1261 1132 10
1748 2343 5
2234 324 5
88 765 15
530 466 8
2282 1991 11
756 43 5
40 1757 19
2107 1378 4
2314 712 14
917 1294 3
1840 1606 2
1615 288 13
1754 1637 2
2343 852 14
143 2357 8
1174 189 11
1592 124 16
1280 918 6
1030 1959 16
860 905 6
1556 572 16
2155 1806 3
812 1512 11
906 755 7
1815 26 20
1891 903 19
526 2325 8
437 1118 15
1645 1168 8
254 2449 8
307 664 20
984 1964 5
1709 1241 3
713 1585 11
946 550 13
1612 847 17
894 744 10
1506 2220 18
2314 39 10
1385 524 15
2482 1429 19
2486 1285 11
202 1698 2
2114 1265 5
1528 1496 18
1056 2190 5
1735 544 12
2116 1706 17
801 1844 9
334 1120 16
1088 589 7
83 1866 17
2344 1767 19
2329 698 3
824 1887 13
1125 554 11
1885 1953 17
2249 352 18
757 762 1
359 2282 13
2055 731 14
667 2383 5
1076 1988 20
1994 1421 18
2108 107 16
542 1364 17
1154 755 5
669 1747 2
693 1047 5
1410 1782 19
2408 2455 20
1412 1689 2
1710 1339 3
1576 2069 16
317 792 10
372 491 13
2001 1231 18
231 858 13
814 2301 14
455 50 14
1396 347 15
974 385 3
1687 2441 2
2291 1892 14
138 793 5
2406 1926 18
766 1805 18
2330 806 10
543 49 15
227 349 14
1417 1328 11
2050 1474 6
2221 1822 3
2280 2177 13
2098 1274 20
800 399 10
1148 2293 9
2166 0 9
1884 1715 10
1592 2411 16
2250 2424 1
528 1489 1
327 455 15
1776 1008 1
1954 2224 3
714 1102 19
978 1655 18
198 827 18
237 1016 19
1377 78 11
1249 45 1
815 1272 14
948 995 9
1902 1667 17
361 74 3
600 1768 16
526 1236 12
1213 183 3
1316 714 19
787 2108 16
303 2448 17
2482 2149 8
1011 1593 10
2085 1535 18
1060 1299 10
56 841 1
117 2114 17
786 1737 19
2081 1154 15
844 349 11
1661 2340 18
1121 1824 8
881 1097 4
796 1495 6
2257 1293 5
596 1816 19
2198 550 1
611 1920 9
179 1726 7
546 914 8
1377 326 5
64 368 19
1769 1001 18
1089 512 6
2340 863 20
2200 1475 12
1354 791 13
75 1564 17
2008 1448 6
267 1584 17
1641 593 1
1904 2280 6
1276 2183 14
2086 188 9
1310 1180 17
1168 1872 13
1055 1012 3
967 299 4
2037 2046 2
523 2183 14
134 2296 16
1677 1210 11
1233 1647 7
2309 1565 14
622 1413 11
362 1225 12
279 873 7
1230 1593 10
613 1248 18
659 2342 7
224 165 15
367 1058 4
1888 1 2
122 354 5
1524 2022 19
893 2349 20
890 1587 10
1830 1650 13
2230 745 4
1136 865 5
2435 1583 10
1882 1467 14
2180 1115 11
681 358 10
374 1154 14
243 708 11
2254 1408 19
436 695 7
1522 1255 10
1391 836 5
678 719 5
169 1961 7
770 1575 15
788 654 7
826 1363 16
1933 50 7
1638 2345 9
1718 2130 14
1244 627 3
1638 2294 18
516 421 4
1057 297 1
19 2385 18
224 666 14
1069 211 12
1892 1234 7
554 561 16
599 1696 2
1468 681 14
683 1990 11
2457 1115 7
264 2293 5
697 1803 12
2239 1068 17
1162 1766 12
288 1389 15
1798 2338 9
2124 2162 6
655 1516 11
2405 1714 17
1808 1965 18
2334 2296 2
900 313 1
2276 687 20
678 2115 6
306 1922 8
1960 466 4
643 482 4
1969 901 10
1475 853 1
404 1407 13
1125 855 2
2262 1907 1
786 1631 9
1572 2352 19
1432 175 11
730 526 6
90 968 18
1062 221 6
536 566 7
1261 525 12
2473 2391 20
2166 1446 11
1919 118 20
2184 1348 7
2210 878 17
1790 928 4
774 1629 17
1107 1617 14
1302 755 10
1449 787 7
940 29 3
460 698 7
1818 53 4
429 884 5
1506 2081 4
1990 2240 14
1603 1061 14
1406 1039 20
2245 717 15
296 1534 10
2364 807 5
1425 1033 7
2286 264 20
319 1388 2
2032 527 14
1118 262 1
2279 2366 4
2040 2076 3
1717 1063 11
429 1769 13
1034 1956 20
2024 1792 9
1536 2388 4
1694 18 12
1004 397 10
1832 1604 3
1570 1619 20
2159 997 3
1 1052 2
938 1412 9
1611 2302 8
1834 1417 20
981 8 5
2478 1545 9
1076 1179 18
868 139 18
1778 1614 11
1896 1786 17
221 1005 15
1598 1421 6
2468 464 5
829 717 3
2422 2096 3
1395 2261 3
2181 2395 11
1610 1029 9
2437 1725 8
711 1609 7
2150 157 15
134 1653 16
494 938 16
1602 689 20
2439 1711 10
748 1469 18
1261 2363 19
1777 1867 2
161 2325 2
766 606 7
1469 639 15
862 1203 18
509 1663 15
195 747 16
932 358 14
241 66 6
491 2106 9
1817 1780 17
1985 1327 1
4 1108 10
1324 749 3
977 1597 10
152 1141 7
254 1098 4
1089 1747 9
1469 723 19
2149 812 15
399 565 14
1386 1224 3
664 1221 18
481 244 5
2159 928 15
172 881 12
2012 2112 4
46 1883 12
1370 807 7
192 2403 5
161 2136 5
1639 1872 17
462 1641 18
728 2111 12
2100 2084 15
1385 1109 17
1030 524 2
1198 930 20
1773 646 9
274 2171 3
137 1094 5
40 1451 10
543 287 2
1608 2132 3
900 2084 13
1391 294 1
1361 387 9
571 2234 12
1560 946 2
99 1141 8
1009 1774 2
388 1531 6
2275 2491 4
591 1684 2
413 117 13
1181 23 10
304 964 15
1876 1478 1
763 1748 12
1565 884 4
442 455 9
2011 755 4
361 2123 11
1976 2029 9
1096 82 19
613 1878 13
1562 1453 4
1162 1602 5
1137 1917 17
385 670 14
1879 1033 15
2425 878 3
831 425 5
1581 1805 1
2268 2263 10
1653 1102 3
278 2498 17
236 685 11
786 14 1
1337 2363 12
612 1720 13
1915 2301 5
1218 931 14
474 506 8
645 1334 20
2389 700 4
1371 886 1
689 1125 5
1037 1097 5
1744 1868 5
2164 1441 13
2331 1763 8
2178 228 10
949 1911 18
347 1570 4
1590 2409 15
