0 176 845
1 117 1888
2 141 1269
3 14 2211
4 147 630
5 186 1127
6 76 2080
8 144 1466
9 142 964
10 135 1534
11 80 1944
13 80 524
14 90 2120
15 86 2371
16 138 1871
18 107 235
20 175 79
21 150 2266
22 161 1174
24 188 104
26 102 1959
27 117 2117
28 140 984
29 165 940
32 70 415
33 97 1222
34 126 1983
36 128 284
37 132 1781
38 118 757
39 69 2314
40 144 1093
41 83 552
42 166 1376
43 105 969
44 116 1051
45 143 1249
46 141 2086
47 96 1537
48 141 52
49 107 543
50 183 455
51 206 1251
52 127 1605
53 123 718
54 108 2197
55 144 2310
56 102 585
57 176 614
58 122 130
59 147 1129
60 134 1534
61 80 1286
62 125 660
63 83 2261
64 142 1815
65 133 864
66 127 241
67 201 649
68 135 199
69 140 1048
70 128 2004
71 62 2447
72 105 2482
73 115 1104
74 136 2083
75 139 1650
76 154 2162
77 157 2354
78 157 946
79 155 2423
80 173 1651
81 136 1617
82 164 1155
83 135 1504
84 160 2380
85 93 799
86 99 161
89 173 952
90 159 594
91 145 2127
92 155 1129
94 127 993
95 93 405
96 92 1618
97 168 970
99 140 2372
101 210 2450
102 131 1890
104 183 2355
105 175 2202
106 149 2353
107 83 39
108 116 1747
109 119 178
110 122 718
111 118 705
112 136 662
114 175 1671
115 101 822
116 187 1118
117 115 413
118 112 1919
119 127 1247
120 172 1571
121 93 1944
122 162 92
123 104 2436
124 135 1592
125 107 343
126 88 440
127 72 1134
128 133 2212
129 147 69
130 107 1197
131 150 377
132 50 1119
133 140 1955
134 132 2431
135 220 273
137 140 2255
138 175 549
140 123 2237
141 66 1496
145 177 390
146 169 2051
147 112 998
148 126 2193
149 118 1284
150 95 1296
151 135 1621
152 162 2013
153 91 1618
154 66 1057
156 138 444
157 173 2150
158 122 1916
159 128 1178
160 140 2390
161 86 2066
162 118 1486
163 93 258
164 136 958
165 97 1268
166 131 368
167 148 1384
168 113 834
169 163 2003
170 155 2096
171 86 1387
172 132 791
173 118 1569
174 90 340
175 126 1001
177 159 1095
178 100 14
179 123 1380
180 200 1329
181 131 861
182 66 1966
183 64 1213
184 123 1439
185 117 315
186 102 1486
187 138 227
188 145 2086
189 164 1174
190 138 2143
191 110 2285
192 126 27
193 114 2411
194 164 1838
195 143 1411
196 98 1465
197 158 1604
198 87 1876
199 124 859
200 122 1278
201 129 1210
202 114 570
203 132 861
204 191 1712
205 214 1665
206 113 1088
207 157 1626
208 157 2394
210 105 2332
211 159 1069
212 85 500
214 86 2399
216 83 2456
217 147 1553
220 181 1855
221 133 632
222 115 2187
223 112 2247
224 128 2464
225 59 874
226 109 1240
227 127 1146
228 96 2178
229 147 2075
230 170 1492
231 175 157
232 93 788
234 92 153
235 101 1969
236 175 1381
237 197 1596
238 123 376
239 118 2073
240 172 1975
241 121 73
242 119 959
243 175 675
244 85 216
245 121 906
246 120 2019
247 140 631
248 138 1995
249 110 1458
250 103 2270
251 141 1734
252 92 2006
253 126 2234
254 141 2248
255 175 814
256 158 1913
257 87 524
258 74 1701
259 102 1713
260 122 342
262 167 2434
263 167 532
264 120 285
265 178 739
266 99 977
269 96 2479
270 84 747
271 105 1674
273 202 487
274 171 2391
275 121 660
276 125 934
278 188 1193
279 80 1801
280 142 1606
281 104 269
282 142 1913
283 132 811
284 123 859
285 100 269
287 94 543
288 110 1884
289 92 574
291 133 393
292 176 2233
293 64 297
294 127 1262
295 199 116
296 110 1295
297 58 1057
298 72 1966
299 83 1644
300 133 1407
301 136 1331
303 180 2387
304 166 609
305 128 1335
306 151 1242
307 270 1552
308 121 2429
309 106 171
310 150 349
311 136 653
312 230 2035
313 142 900
314 115 1284
315 104 1616
316 70 1868
317 103 1599
318 124 2441
319 127 2497
320 116 448
321 56 827
322 160 1431
323 99 2259
324 101 2197
325 200 767
326 174 1377
327 154 1587
328 162 129
329 139 867
330 130 200
333 211 295
334 120 422
335 182 1135
336 115 1957
337 79 1286
338 146 1075
339 110 575
340 77 754
341 131 201
342 115 512
343 101 2326
344 139 1676
345 99 1267
347 126 1858
348 107 1854
349 141 227
350 71 1658
351 91 2338
352 175 1951
353 155 1042
354 148 8
355 139 1840
356 92 1586
357 135 2279
358 179 1712
359 131 1961
360 132 1020
362 114 447
363 136 2452
365 114 2459
366 124 1365
367 105 2477
368 129 1264
370 123 2420
371 98 1434
372 194 1730
374 13 2211
375 60 874
376 116 899
377 135 1785
378 62 2221
380 160 197
382 115 1005
383 98 695
384 151 737
385 151 974
386 174 432
387 259 1361
388 169 1999
390 175 396
391 91 1911
392 136 2067
393 131 1799
394 151 2033
395 92 666
396 166 2439
397 150 1448
398 77 760
399 95 800
400 120 130
401 135 2294
402 165 1977
403 138 2382
404 104 1465
405 83 2388
406 104 2267
407 132 945
408 156 394
411 142 843
413 102 1265
414 174 2138
415 61 2351
416 155 2449
417 102 871
418 95 1286
419 108 383
420 164 450
421 185 516
422 119 2005
423 116 1939
424 132 842
425 120 831
427 153 1737
428 154 1035
431 189 656
432 157 2350
433 181 1790
434 79 2421
435 138 2094
436 148 1498
437 169 2434
438 118 818
439 200 909
440 82 434
441 90 619
442 169 1742
443 165 1499
444 130 246
445 122 1099
446 150 1974
447 105 1778
448 101 1649
449 134 400
450 149 2110
451 141 1539
452 201 1835
454 151 752
455 169 327
456 162 1010
457 119 1380
458 160 893
459 123 682
461 75 531
462 132 2143
463 158 1360
464 103 1182
465 139 400
466 165 530
467 67 183
469 109 1513
470 84 2289
471 60 827
472 122 683
473 53 2447
474 107 289
475 127 792
477 114 1705
478 137 2438
479 144 1613
480 124 281
481 143 2432
482 19 643
483 130 561
484 139 1173
485 140 264
486 135 1509
487 189 663
488 153 756
489 142 2
490 109 1860
491 173 1360
493 169 644
494 136 1534
495 122 1695
496 138 1989
497 158 2236
498 154 2088
499 132 1853
500 83 1306
501 182 1381
502 136 2258
503 111 666
504 283 1895
505 106 969
506 115 474
507 117 954
508 145 1200
509 29 643
510 81 1270
511 106 198
512 106 1089
513 81 1134
515 147 960
516 181 57
517 113 2311
519 128 1771
520 123 2262
521 131 2227
522 145 2063
523 181 835
524 72 1030
525 94 441
526 43 1471
527 91 1084
528 165 1827
529 146 1920
530 157 2395
531 61 1257
532 159 1148
534 165 644
535 115 1940
536 149 1906
537 96 126
538 131 1021
539 153 1448
540 176 1336
541 164 1287
542 145 2354
543 92 1374
544 60 1522
545 158 411
546 144 1894
548 131 58
549 160 1683
550 137 2198
552 72 350
553 157 2350
554 188 1125
555 78 1644
557 6 1045
558 145 1511
560 114 1588
561 127 140
562 132 202
563 123 2171
564 169 955
565 109 399
566 136 639
567 145 16
568 102 584
569 103 33
570 100 1554
571 104 589
572 139 1845
573 105 714
574 88 32
575 108 2299
576 182 1789
577 145 1904
578 46 1609
579 185 715
580 160 1340
581 120 1916
582 96 1797
583 115 818
584 101 603
585 100 1015
586 157 770
587 104 1502
588 65 473
589 97 986
590 184 806
591 142 2292
592 113 834
593 150 1323
594 155 2163
595 108 1860
597 86 720
598 72 141
599 199 1229
601 138 357
602 134 1052
603 100 771
604 124 1311
605 75 892
606 84 1581
607 141 366
609 158 9
611 129 2349
612 282 1552
614 172 1608
615 118 908
616 132 1621
617 146 562
618 111 1190
619 83 127
620 151 329
623 161 877
625 169 1157
626 205 649
627 42 2389
628 207 2397
629 166 1681
630 133 2384
631 130 238
632 122 1327
633 95 252
634 116 2105
636 148 1252
637 128 664
638 118 1318
639 122 1743
641 147 1133
642 118 1262
643 15 557
644 152 446
645 141 1647
646 95 1550
647 132 149
648 80 1496
649 187 220
650 147 1259
651 135 2322
653 118 309
654 85 605
655 179 2404
656 180 2364
657 150 659
658 127 469
659 136 671
660 109 26
661 153 1462
662 127 726
663 172 1014
664 117 1486
665 170 2024
666 91 2417
667 96 646
668 178 1101
669 133 44
670 165 385
671 123 1115
672 197 2303
673 180 670
675 163 1455
678 144 2161
679 39 1154
680 119 2177
682 110 383
683 110 573
684 98 1168
685 125 1331
686 48 578
687 158 2276
688 225 205
689 172 1794
690 103 163
691 168 629
692 145 920
693 137 2473
694 131 159
695 95 1502
696 94 234
697 130 1385
698 139 1633
699 174 2430
700 8 1045
702 170 687
704 91 743
705 102 633
706 168 2367
707 85 1403
708 104 873
709 155 1133
710 129 1972
711 117 583
712 73 2314
713 127 1510
714 99 1969
715 183 2327
716 120 1940
717 135 224
718 112 2112
719 149 678
720 73 225
721 184 466
722 59 132
723 92 606
724 199 656
725 158 1539
726 114 2237
727 126 837
728 51 1663
730 53 1119
731 110 633
732 147 607
733 129 2279
734 148 2372
735 179 1414
736 185 1917
737 136 65
738 150 1660
739 177 1942
740 64 2447
741 110 2180
742 77 471
743 88 32
744 182 894
745 130 918
746 87 1736
747 67 2324
748 183 1524
749 131 1677
750 117 1723
751 155 1105
752 144 1123
753 124 1463
754 75 415
755 32 1154
756 146 2248
757 98 707
758 72 2324
759 117 1490
760 72 2263
761 124 2141
762 99 757
763 152 2
764 114 1526
767 197 721
768 147 283
769 130 914
770 155 488
771 82 2442
772 120 929
773 176 940
774 63 2284
777 136 1881
778 162 106
779 163 2014
780 138 148
781 178 941
782 197 1530
783 103 1502
784 182 1370
785 61 1471
786 116 1465
787 92 1449
788 78 892
789 180 655
790 134 1785
791 124 1354
792 113 317
793 107 833
795 157 1794
797 98 121
798 251 1344
799 81 524
800 85 434
801 149 1840
802 140 1570
803 150 1553
805 146 2276
806 180 1551
807 171 1370
808 103 746
809 149 91
810 123 1020
811 126 1862
812 124 2149
813 171 1155
814 172 2028
816 180 878
818 112 1312
819 125 2208
820 108 1674
821 121 1849
822 86 2191
824 129 726
825 170 152
826 156 2096
827 50 1609
828 84 467
830 131 1592
831 115 792
832 132 694
833 100 2178
834 95 340
835 172 328
836 114 1860
837 107 345
838 198 335
839 126 1052
840 152 2039
841 103 56
842 126 1849
843 127 1669
844 158 187
845 165 1936
846 150 1538
848 151 60
849 138 407
850 140 1949
852 122 1691
853 50 1475
854 122 2420
855 151 1587
856 77 2289
857 159 2341
858 127 1123
859 114 2319
860 93 2047
861 118 507
863 111 2340
864 128 239
865 152 1136
867 124 836
869 127 472
870 136 1241
871 84 1675
873 87 279
874 51 2264
875 172 644
876 105 2299
877 154 1243
878 175 2210
879 164 1090
880 95 2147
881 101 704
882 129 999
883 74 375
884 141 1565
885 194 944
886 127 1647
887 140 2353
888 135 2174
890 139 967
891 130 998
892 67 141
893 152 1139
894 172 169
895 131 2143
898 141 2321
899 100 1550
900 141 128
901 104 1969
902 153 2490
903 66 2388
904 184 145
905 99 860
906 103 1182
907 152 1641
908 109 1733
909 180 629
910 166 1356
911 159 657
912 198 2232
913 169 79
914 128 1981
915 115 582
916 191 1405
917 273 1895
918 125 1422
919 162 1786
920 135 2424
921 124 445
922 90 1882
923 116 1738
924 164 1144
925 153 1935
926 102 646
927 122 1961
928 179 1790
929 118 2368
930 148 1198
931 144 1218
933 98 214
934 112 512
935 128 1146
936 142 1066
937 164 1741
938 118 1764
939 131 2468
940 162 2430
941 168 1885
942 193 721
943 94 2334
944 184 1572
945 114 1728
946 147 282
947 150 1120
948 188 2046
949 194 1561
950 122 490
951 143 658
952 171 1625
953 135 162
954 113 986
955 160 2124
957 145 1351
958 133 1843
959 102 985
960 141 753
961 79 1296
962 189 390
964 135 1098
965 111 1695
966 112 899
967 128 2321
968 122 1487
969 92 1555
970 150 920
971 181 1750
974 148 693
975 147 2455
976 145 978
977 85 1811
978 142 1610
979 102 2196
980 172 1544
981 171 122
982 142 888
983 143 1120
984 139 888
985 96 1266
986 95 1161
987 140 502
988 128 1647
989 137 921
990 141 2218
991 111 2136
993 107 1919
994 89 13
995 145 2370
996 68 132
998 111 1245
999 127 1248
1000 141 888
1001 113 991
1002 103 2064
1003 129 1858
1005 106 2128
1006 195 1708
1007 125 474
1008 127 1318
1009 99 2413
1010 148 988
1012 95 1374
1013 107 527
1014 154 1216
1015 83 337
1016 108 1167
1018 124 583
1020 120 362
1021 119 1262
1022 128 1331
1023 180 304
1024 81 1346
1025 146 172
1026 75 722
1027 173 1992
1028 164 1010
1029 143 1610
1030 70 1829
1031 160 801
1032 93 2340
1033 105 899
1034 118 1365
1035 134 203
1036 110 228
1037 74 32
1039 122 1404
1040 117 2333
1041 160 1260
1042 136 319
1043 129 1983
1044 144 2192
1046 141 1319
1047 126 836
1048 136 283
1049 138 697
1050 46 526
1051 115 1497
1052 119 1
1053 64 71
1054 81 2053
1055 167 1101
1057 57 853
1058 109 367
1059 99 371
1060 131 223
1061 174 2059
1063 107 413
1064 131 1003
1065 121 1635
1066 141 1511
1068 120 979
1069 147 1525
1070 152 451
1072 149 602
1073 168 436
1075 134 1938
1077 130 1557
1078 145 2160
1080 135 1375
1081 115 2199
1082 91 2472
1083 104 257
1084 83 337
1085 102 2459
1086 171 2380
1087 130 1354
1088 112 1486
1089 100 153
1090 150 719
1091 72 785
1093 128 34
1094 145 137
1095 146 1443
1096 172 1748
1097 79 1037
1098 127 965
1099 108 85
1100 76 375
1101 163 1334
1102 106 1343
1104 113 1379
1105 138 475
1106 104 1550
1107 118 1624
1108 116 2219
1109 141 1385
1110 167 129
1111 138 2310
1112 70 39
1113 144 2067
1114 112 969
1115 108 2180
1116 78 1944
1118 184 437
1119 47 1050
1120 136 334
1121 164 1203
1122 237 1369
1123 125 110
1124 124 1799
1125 177 689
1126 107 2009
1127 184 937
1128 154 484
1129 146 1093
1130 87 1231
1131 186 1096
1132 185 1261
1133 144 74
1134 63 2148
1135 174 493
1136 147 2181
1137 191 1188
1138 128 1981
1139 146 658
1140 137 2127
1141 148 99
1142 113 447
1143 178 2222
1144 159 1564
1145 181 2068
1146 122 718
1148 143 347
1149 156 450
1150 151 678
1151 182 2016
1152 154 502
1154 27 374
1155 160 2036
1157 165 937
1158 141 1840
1159 93 2122
1161 91 2484
1162 173 614
1163 108 905
1164 125 1052
1165 150 1094
1166 154 1094
1167 94 1714
1168 91 1645
1169 157 217
1170 129 1588
1173 137 886
1174 153 1819
1175 167 1438
1176 165 1203
1178 122 54
1179 111 757
1182 93 1231
1183 145 1950
1184 104 2076
1185 117 1642
1186 193 1779
1188 183 816
1190 96 2472
1191 120 841
1192 154 2236
1193 170 1377
1195 176 955
1196 146 982
1197 102 2297
1198 128 1907
1199 102 2224
1200 127 185
1203 154 947
1204 129 938
1205 129 519
1206 129 637
1207 162 1444
1209 127 1707
1210 127 1677
1211 139 10
1212 64 415
1213 61 578
1214 107 603
1215 114 1285
1216 150 355
1217 116 764
1218 130 275
1219 132 1647
1221 111 339
1222 87 1091
1223 98 1268
1224 126 54
1225 112 2113
1226 138 1573
1227 188 735
1228 150 449
1229 197 971
1230 176 1330
1231 79 316
1232 172 1943
1233 117 1722
1234 111 1372
1235 141 1906
1236 55 526
1237 82 1026
1238 96 1222
1239 126 162
1240 90 2156
1241 117 1709
1242 145 1767
1243 139 832
1244 191 1607
1245 94 2214
1246 168 2123
1247 125 2361
1248 124 573
1249 142 745
1250 149 1573
1251 188 2021
1252 136 2132
1253 165 1273
1254 173 498
1255 53 1522
1256 120 2477
1257 51 578
1258 145 45
1259 135 2248
1260 141 160
1261 175 779
1262 112 252
1263 111 696
1264 114 1085
1265 97 2114
1266 95 510
1267 96 555
1268 95 1851
1269 124 1142
1270 65 774
1271 158 692
1272 84 1054
1273 157 1072
1274 172 778
1275 178 941
1277 64 1236
1278 108 2131
1279 182 2364
1280 130 1047
1281 108 603
1282 136 521
1284 110 123
1285 101 2064
1286 76 375
1287 146 842
1288 66 1277
1289 112 1281
1290 151 558
1291 259 1547
1292 142 2494
1294 189 2320
1295 109 959
1296 78 2421
1297 128 2019
1299 132 1493
1300 128 1843
1301 151 2438
1302 183 691
1304 109 1738
1305 171 428
1306 81 1478
1307 168 2495
1308 115 1295
1309 169 1520
1311 122 2424
1312 107 1618
1313 218 724
1314 132 2358
1315 95 2120
1316 137 761
1318 112 86
1319 131 1264
1320 192 1279
1321 108 2009
1322 146 936
1323 141 462
1325 164 169
1327 104 871
1328 208 2175
1329 185 2376
1330 175 919
1331 122 808
1332 92 1713
1333 154 2091
1334 161 645
1335 111 1238
1336 166 1014
1337 110 1510
1338 105 343
1339 167 1710
1340 147 1573
1341 129 2171
1342 176 1364
1343 99 696
1344 240 1122
1345 160 546
1346 77 758
1347 152 1105
1348 80 2080
1350 124 876
1351 142 36
1352 141 1359
1353 125 1378
1354 111 271
1355 179 675
1356 158 2380
1357 129 162
1358 67 182
1359 121 1918
1360 155 2130
1361 250 1892
1363 172 826
1364 162 542
1365 109 448
1366 121 759
1367 137 1241
1368 176 807
1369 217 672
1370 164 1196
1371 133 1297
1372 99 95
1374 79 2399
1375 115 86
1376 163 609
1377 169 902
1378 115 1190
1379 105 1245
1380 112 2177
1381 162 515
1382 152 974
1383 113 1033
1384 146 1450
1385 124 1083
1386 130 1108
1387 76 1026
1388 66 1270
1389 125 288
1391 143 693
1392 146 577
1393 131 1209
1394 118 2237
1395 67 728
1397 163 1987
1398 195 1998
1399 112 395
1401 127 1647
1402 118 1102
1403 78 588
1404 113 2259
1405 187 1777
1406 132 727
1407 117 1826
1408 141 2283
1410 55 1255
1411 123 320
1412 106 2440
1414 162 2038
1416 155 1252
1417 208 1591
1418 144 1046
1419 127 1918
1420 129 2101
1421 120 1598
1422 114 406
1423 105 746
1424 128 2219
1425 162 2231
1426 207 1787
1427 145 1731
1429 117 1217
1431 150 2243
1433 144 1662
1434 96 597
1435 131 2408
1436 167 1666
1437 129 1093
1438 166 970
1439 121 1729
1440 120 2177
1441 176 2164
1443 143 133
1444 144 1029
1445 120 1484
1446 158 2216
1447 102 324
1448 139 2453
1449 85 1112
1450 134 1081
1451 122 2234
1452 142 854
1453 184 1562
1454 124 1399
1455 155 2
1458 105 708
1459 145 631
1460 100 345
1462 143 357
1463 120 831
1465 97 2326
1466 141 203
1467 80 788
1469 186 813
1470 172 1271
1471 42 755
1472 148 1249
1474 144 2050
1475 49 2325
1476 125 1588
1477 191 1600
1478 79 1876
1480 114 1312
1481 69 1496
1483 178 97
1484 100 2297
1486 100 121
1487 104 2147
1489 166 528
1490 103 1733
1491 251 1122
1492 165 2038
1493 113 165
1494 107 2489
1495 159 1753
1496 64 1236
1497 102 115
1498 135 1898
1499 154 1444
1500 139 2494
1501 132 810
1502 90 398
1503 128 918
1504 127 445
1505 181 157
1506 144 1906
1507 182 1193
1509 122 474
1510 107 1245
1511 139 791
1512 135 812
1513 90 1586
1514 146 16
1515 146 939
1516 155 855
1517 100 1343
1518 163 809
1520 165 1258
1521 137 1256
1522 43 755
1523 55 2264
1524 180 2051
1525 136 1989
1526 112 417
1527 135 1191
1528 179 1716
1529 173 911
1530 187 1816
1531 134 2370
1532 87 822
1533 95 95
1534 120 296
1535 174 2085
1536 59 2011
1537 95 1032
1538 131 1445
1539 138 2464
1540 190 1469
1542 165 2068
1544 161 805
1546 141 1350
1547 250 312
1548 149 1553
1549 133 1949
1550 86 212
1551 173 2164
1552 266 1291
1553 130 506
1554 87 2241
1555 81 1053
1556 137 148
1557 113 1281
1559 127 2406
1561 176 924
1562 180 1031
1563 143 1837
1564 156 75
1565 137 2396
1566 217 1812
1567 124 563
1568 147 538
1569 104 1161
1570 130 347
1571 164 751
1572 182 909
1573 133 1989
1574 137 1191
1575 170 770
1576 183 240
1577 164 2024
1578 113 2467
1579 148 1049
1580 120 457
1581 72 1030
1582 106 418
1583 125 2435
1585 111 2146
1586 86 2066
1587 149 890
1588 111 1161
1589 72 1270
1590 132 393
1591 196 2116
1592 119 901
1593 186 1230
1594 99 1941
1595 128 507
1596 194 236
1597 65 1057
1598 114 2042
1599 83 1348
1600 182 352
1601 134 2227
1602 178 1162
1604 146 1832
1605 119 1221
1606 136 1840
1607 180 243
1608 153 1656
1609 41 509
1610 134 1509
1613 130 365
1614 102 1861
1616 84 2456
1617 123 1687
1618 88 500
1619 150 1570
1620 127 741
1621 131 495
1624 105 1266
1625 164 1744
1626 139 1995
1627 189 2099
1629 59 730
1630 166 809
1631 100 2489
1632 121 191
1633 136 968
1635 112 2368
1636 230 1740
1637 132 891
1638 165 1577
1640 139 870
1641 150 462
1642 110 406
1643 105 1089
1644 63 526
1645 83 1798
1646 128 852
1647 124 1233
1649 100 1673
1650 137 1429
1651 156 1333
1652 110 259
1653 118 1888
1655 160 978
1656 146 1527
1657 120 1179
1658 58 2148
1659 99 619
1660 134 1501
1661 73 1288
1662 126 1013
1663 44 509
1664 150 1568
1665 207 2315
1666 152 1139
1667 148 1902
1668 144 1549
1669 120 38
1670 76 1966
1671 174 941
1673 94 232
1674 101 828
1675 76 258
1676 130 173
1677 116 1179
1678 96 2048
1679 88 1732
1680 133 2034
1681 155 1474
1682 127 2361
1683 154 2124
1684 144 591
1685 114 595
1686 127 1981
1687 120 1624
1688 120 2415
1689 108 1412
1691 119 595
1692 134 1043
1693 124 1806
1694 110 234
1695 109 196
1696 184 2355
1698 116 202
1699 55 679
1700 154 1601
1701 64 2284
1702 168 397
1703 108 371
1704 128 998
1705 112 2487
1706 186 220
1707 121 2101
1708 180 114
1709 114 525
1710 164 1141
1711 132 199
1712 172 122
1713 85 712
1714 92 510
1715 119 1884
1716 159 1260
1718 135 915
1719 149 550
1720 194 1188
1722 97 1024
1723 106 2194
1724 128 1422
1725 145 2437
1726 130 179
1727 206 1596
1728 97 234
1729 102 584
1730 177 1441
1731 137 2266
1732 76 722
1733 94 619
1734 131 1007
1735 60 1255
1736 86 61
1737 135 786
1738 96 1130
1739 157 478
1740 210 2126
1741 145 1218
1742 150 1931
1743 116 383
1744 152 960
1745 167 2215
1747 109 1089
1748 164 763
1749 148 172
1750 176 2308
1751 193 1023
1752 105 654
1753 150 2100
1755 190 673
1756 140 484
1757 162 549
1758 177 1551
1759 110 1058
1760 142 46
1761 112 315
1762 141 548
1763 84 1084
1764 113 1689
1765 208 724
1766 113 235
1767 133 1039
1768 104 150
1770 122 1365
1771 114 587
1772 151 1574
1773 105 2383
1774 101 1009
1775 180 1885
1777 178 980
1778 101 799
1779 183 231
1780 194 1817
1781 128 1764
1782 61 874
1785 119 125
1786 149 1896
1787 190 1561
1788 144 247
1789 163 91
1790 175 1363
1792 142 179
1793 83 398
1794 153 394
1796 104 1729
1797 82 1030
1798 79 2156
1799 122 575
1800 204 5
1801 72 740
1803 142 697
1804 99 2076
1805 73 1581
1806 123 2034
1807 162 623
1808 169 2145
1809 70 182
1810 123 2392
1811 65 1057
1812 212 2445
1813 205 1869
1814 123 1215
1815 134 1264
1816 177 1839
1817 177 1135
1818 153 187
1819 151 645
1820 76 71
1821 124 49
1822 50 2221
1824 125 1853
1825 143 75
1826 100 1332
1827 153 1340
1828 102 1678
1829 63 1735
1830 131 222
1831 109 1533
1832 143 1367
1833 181 194
1835 198 942
1836 132 1008
1837 131 1761
1838 162 463
1839 158 1472
1840 134 2260
1841 161 256
1843 125 38
1844 145 1606
1845 136 1914
1846 149 1830
1847 134 2184
1849 115 296
1850 209 2095
1851 89 6
1852 121 1295
1853 119 901
1854 100 695
1855 161 2138
1856 139 1950
1857 80 1701
1858 119 1510
1859 68 225
1860 95 943
1861 85 799
1862 117 2467
1863 188 1706
1864 99 1084
1866 152 83
1867 180 1777
1868 65 293
1869 200 1186
1870 146 2255
1871 124 2378
1872 104 1168
1873 122 731
1875 97 873
1876 78 471
1877 137 109
1878 188 665
1879 161 2231
1880 133 1724
1881 124 490
1882 85 2172
1883 153 46
1884 109 2115
1885 163 1347
1886 177 1028
1887 142 824
1888 115 367
1890 128 1957
1892 240 2291
1893 180 629
1894 141 1610
1895 269 387
1896 132 118
1897 174 2398
1898 116 235
1899 138 2252
1900 141 1836
1901 74 1868
1902 131 1439
1903 104 2122
1904 132 202
1905 193 243
1906 129 459
1907 110 2262
1909 125 108
1911 74 1644
1912 109 1957
1913 141 1300
1914 133 148
1915 183 255
1916 106 582
1917 179 2222
1918 119 1378
1919 92 2405
1920 138 611
1921 159 2210
1922 153 1767
1923 100 470
1924 133 1407
1925 147 2278
1926 136 2406
1927 127 2420
1928 136 1707
1929 90 771
1931 142 128
1933 191 655
1935 147 1206
1936 159 1129
1938 124 854
1939 109 54
1940 106 1223
1941 90 2270
1942 161 840
1943 152 167
1944 77 1859
1945 114 2103
1946 159 609
1947 96 1159
1948 65 531
1949 126 1102
1950 138 1567
1951 167 1136
1952 103 1372
1953 174 194
1954 98 943
1955 129 119
1956 94 1306
1957 108 1267
1958 203 2052
1959 86 1030
1960 198 767
1961 113 2225
1962 112 285
1963 63 827
1964 144 984
1965 187 1808
1966 64 473
1968 282 1552
1969 94 555
1970 134 1621
1971 125 820
1972 109 905
1973 190 501
1974 139 1178
1975 156 2015
1976 150 254
1977 159 803
1978 178 1710
1979 179 1602
1980 163 1976
1981 112 2482
1982 143 134
1983 109 1689
1984 151 1788
1986 149 1840
1987 151 2081
1988 133 1402
1989 118 2420
1990 121 683
1991 136 2078
1992 170 1031
1994 128 2042
1995 123 191
1996 76 1597
1998 178 0
1999 152 411
2003 151 1539
2004 125 184
2005 117 348
2006 83 1306
2007 150 1087
2009 96 2436
2010 178 420
2011 55 2351
2012 139 1146
2013 142 99
2014 144 832
2015 147 2190
2016 167 586
2017 204 116
2019 112 690
2020 198 1279
2021 185 1302
2022 199 1524
2023 134 1476
2024 150 444
2025 148 151
2027 117 517
2028 160 1382
2029 159 1976
2030 180 2451
2032 127 1761
2033 135 1435
2034 120 1653
2035 215 1426
2036 145 489
2037 170 545
2038 160 2154
2039 149 45
2040 87 2417
2042 109 2459
2043 150 1511
2044 153 68
2045 197 1708
2046 172 2037
2047 86 107
2048 92 994
2050 138 81
2051 168 21
2052 191 1251
2053 68 1134
2054 144 647
2055 136 1021
2056 126 1881
2057 143 2132
2059 156 1292
2060 148 1756
2061 158 2458
2062 165 2036
2063 125 2431
2064 100 2499
2065 184 625
2066 81 1996
2067 135 830
2068 161 428
2069 199 1576
2070 176 1376
2073 101 2403
2074 198 1186
2075 129 422
2076 86 552
2077 102 537
2078 120 841
2079 165 1216
2080 67 1822
2081 148 1506
2082 161 1066
2083 127 275
2084 105 2009
2085 156 907
2086 136 819
2087 152 91
2088 145 630
2090 81 903
2091 135 241
2092 108 2368
2093 140 651
2094 129 2424
2095 189 825
2096 153 1641
2099 174 835
2100 144 313
2101 117 714
2102 86 754
2103 104 1497
2105 107 2410
2106 182 491
2108 77 1112
2110 137 36
2111 63 728
2112 102 1763
2113 95 696
2114 92 2241
2115 108 1673
2116 194 1227
2117 112 1494
2118 145 190
2119 166 2085
2120 89 214
2121 142 1401
2122 84 1645
2123 158 1133
2124 140 1567
2125 111 797
2126 197 816
2127 133 929
2128 103 633
2129 172 1149
2130 149 1718
2131 98 61
2132 131 1580
2134 145 1781
2136 91 161
2138 159 1356
2139 94 1387
2140 126 2115
2141 120 573
2142 155 1141
2143 126 921
2144 142 1938
2145 156 732
2146 91 1237
2147 93 1332
2148 55 686
2149 109 2482
2150 158 2493
2151 132 2429
2153 157 976
2154 141 1955
2155 134 1680
2156 71 1053
2157 162 2243
2158 128 858
2160 139 548
2161 140 363
2162 146 2124
2163 154 698
2164 163 1977
2165 128 342
2166 176 97
2168 152 2091
2170 122 837
2171 112 2073
2172 69 141
2174 119 993
2175 190 576
2176 117 535
2177 111 1168
2178 86 2053
2180 97 1616
2181 137 864
2183 176 2099
2184 133 475
2185 139 601
2186 178 1414
2187 109 1102
2189 120 1649
2190 142 1316
2191 78 760
2192 138 1707
2193 125 2240
2194 89 11
2195 93 822
2196 100 828
2197 99 2180
2198 136 1439
2199 109 1510
2200 115 1517
2201 156 890
2202 158 1433
2206 125 1311
2207 119 1689
2208 105 281
2209 281 917
2210 158 1192
2211 1 1045
2212 123 1214
2213 141 697
2214 88 606
2215 150 2151
2216 149 59
2217 123 634
2218 127 253
2219 109 2488
2220 134 1366
2221 47 679
2222 169 498
2223 184 813
2224 90 1857
2225 105 1649
2226 161 2243
2227 117 1723
2228 121 2208
2229 174 1246
2231 146 566
2232 190 784
2233 161 416
2234 116 571
2235 168 1325
2236 143 2321
2237 105 250
2238 106 1722
2239 106 666
2240 122 469
2241 80 6
2242 134 359
2243 147 1170
2244 144 1531
2245 150 1299
2246 169 2394
2247 99 1851
2248 128 495
2250 120 2199
2252 128 457
2253 107 1643
2254 134 275
2255 133 1200
2256 146 435
2258 135 810
2259 95 994
2260 131 245
2261 70 1395
2262 109 979
2263 64 1050
2264 44 1522
2266 133 1501
2267 101 1714
2268 83 2191
2269 84 299
2270 88 2421
2271 148 777
2272 149 1836
2273 73 415
2274 159 8
2275 182 328
2276 138 1928
2277 151 895
2278 131 168
2279 128 1703
2280 117 570
2282 144 359
2283 135 166
2284 58 730
2285 106 1447
2286 163 1772
2287 128 1021
2288 179 691
2289 73 2351
2290 129 314
2291 226 1369
2292 125 1278
2293 125 264
2294 120 2084
2295 100 757
2296 79 2053
2297 98 1024
2298 144 1209
2299 95 1502
2300 209 1720
2301 183 2079
2303 191 673
2304 113 589
2305 182 2070
2306 173 2414
2308 163 857
2309 267 1291
2310 132 1806
2311 106 2374
2312 156 1466
2313 201 767
2314 59 473
2315 198 2445
2316 126 2187
2318 171 2082
2319 95 1502
2320 184 1671
2321 123 2237
2322 131 1890
2323 209 1398
2324 57 1699
2325 45 755
2326 96 555
2327 163 1683
2328 122 1657
2329 166 1935
2330 181 1275
2331 143 2004
2332 104 574
2333 107 1594
2334 93 597
2335 130 1962
2336 149 2013
2338 88 1798
2339 135 711
2340 91 1661
2341 141 1737
2342 143 659
2343 122 457
2344 127 1
2345 126 1126
2346 139 1047
2347 150 936
2349 114 1487
2350 153 2495
2351 53 1471
2352 201 1572
2353 134 653
2354 144 45
2355 177 857
2356 147 2151
2357 146 508
2358 125 2454
2359 157 850
2360 144 81
2361 124 1318
2362 105 905
2363 115 147
2364 179 80
2365 133 772
2366 132 2279
2367 148 1452
2368 102 1659
2369 158 650
2370 127 915
2371 75 154
2372 134 444
2374 93 771
2375 96 746
2376 170 2400
2378 113 1537
2379 91 198
2380 157 1360
2382 135 221
2383 88 1091
2384 132 2378
2385 166 420
2387 163 2157
2388 63 1536
2389 30 482
2390 125 615
2391 156 2473
2392 109 2436
2394 156 1521
2395 148 2181
2396 136 2441
2397 187 274
2398 167 2029
2399 75 182
2400 159 1608
2401 146 489
2402 83 1467
2403 97 1793
2404 159 1866
2405 86 470
2406 118 2239
2407 120 1872
2408 112 1099
2409 121 1285
2410 105 1956
2411 101 1969
2412 152 1352
2413 92 500
2414 164 446
2415 119 1862
2416 149 1243
2417 71 1213
2418 127 2199
2419 141 2366
2420 108 2009
2421 72 1277
2422 187 433
2423 141 2446
2424 121 2250
2425 173 1192
2426 165 2226
2428 103 880
2429 119 585
2430 161 2236
2431 117 186
2432 125 2343
2433 133 158
2434 160 2059
2435 115 859
2436 95 2442
2437 137 1065
2438 131 632
2439 149 46
2440 100 383
2441 122 1005
2442 81 1859
2443 174 1716
2444 142 645
2445 194 540
2446 132 1402
2447 52 755
2448 173 2226
2449 148 1259
2450 204 2022
2451 171 1630
2452 127 1239
2453 127 1389
2454 109 115
2455 132 2408
2456 68 321
2457 118 1939
2458 150 936
2459 101 41
2461 142 2370
2464 125 2480
2465 69 996
2467 110 2103
2468 118 1923
2469 161 2081
2470 216 1812
2472 81 2465
2473 136 1503
2475 173 84
2477 101 2326
2479 91 513
2480 110 1223
2481 113 1761
2482 101 1266
2483 102 2136
2484 76 1901
2486 181 1757
2487 110 2092
2488 108 115
2489 89 758
2490 134 172
2491 133 592
2492 193 948
2493 141 2158
2494 132 1962
2495 150 10
2496 98 977
2497 120 406
2498 166 443
2499 96 163
